52
53
54
55
56
57
74
75
76
77
78
79
80
81
82
183
184
185
190
191
192
193
194
195
200
201
202
203
204
205
206
207
208
225
226
227
252
253
254
267
268
269
270
271
272
297
298
299
312
313
314
315
316
317
326
327
328
329
330
331
332
333
334
343
344
345
346
347
348
349
350
351
352
353
354
355
356
357
358
359
360
361
362
383
384
385
386
387
388
389
390
395
396
397
398
399
400
401
402
403
416
417
418
419
420
421
430
431
432
433
434
435
436
437
438
447
448
449
450
451
452
453
454
455
456
457
458
459
460
461
462
463
464
465
466
467
468
469
478
479
480
481
482
483
484
485
491
505
506
507
508
509
510
511
512
513
514
551
552
553
566
567
668
673
674
679
680
681
698
723
736
737
762
775
776
785
786
787
792
793
794
795
796
797
798
799
820
821
822
823
824
825
826
827
832
833
834
871
872
873
886
887
988
993
994
999
1000
1001
1018
1043
1056
1057
1082
1095
1096
1105
1106
1107
1108
1109
1110
1111
1112
1113
1118
1119
1120
1121
1122
1123
1124
1125
1126
1127
1152
1153
1154
1155
1156
1157
1158
1159
1160
1161
1162
1175
1176
1201
1202
1203
1204
1205
1206
1207
1208
1209
1210
1211
1224
1225
1234
1235
1236
1241
1242
1243
1244
1245
1246
1247
1248
1261
1262
1263
1264
1265
1266
1267
1268
1269
1270
1271
1284
1285
1294
1295
1296
1301
1302
1303
1304
1305
1306
1307
1308
1309
1310
1311
1312
1313
1314
1315
1316
1317
1322
1323
1324
1325
1326
1327
1328
1329
1330
1331
1332
1333
1334
1343
1344
1345
1362
1363
1368
1369
1374
1375
1384
1385
1386
1399
1400
1401
1402
1403
1404
1405
1406
1407
1408
1409
1410
1411
1412
1413
1414
1415
1416
1417
1418
1419
1420
1421
1422
1423
1424
1425
1426
1427
1428
1429
1430
1431
1432
1433
1434
1435
1436
1437
1438
1439
1440
1441
1442
1443
1444
1445
1446
1447
1448
1449
1450
1451
1452
1453
1454
1455
1456
1457
1490
1491
1492
1493
1494
1495
1496
1497
1498
1499
1500
1501
1502
1503
1504
1517
1518
1527
1528
1529
1534
1535
1536
1537
1538
1539
1540
1541
1542
1555
1556
1565
1566
1567
1572
1573
1574
1575
1576
1577
1578
1579
1580
1581
1582
1583
1584
1585
1598
1599
1608
1609
1610
1615
1616
1617
1618
1619
1620
1621
1622
1623
1624
1625
1626
1627
1628
1629
1630
1631
1632
1633
1692
1693
1694
1695
1696
1697
1698
1699
1700
1701
1702
1703
1704
1705
1706
1707
1708
1709
1743
1744
1745
1746
1747
1748
1749
1750
1751
1752
1753
1754
1755
1756
1757
1758
1759
1760
1773
1774
1783
1784
1785
1790
1791
1792
1793
1794
1795
1796
1797
1798
1799
1800
1801
1806
1807
1808
1809
1810
1811
1812
1813
1814
1815
1816
1825
1826
1827
1832
1833
1834
1835
1836
1837
1838
1839
1840
1853
1854
1863
1864
1865
1870
1871
1872
1873
1874
1875
1876
1877
1878
1879
1880
1881
1882
1883
1884
1885
1886
1887
1888
1889
1890
1915
1916
1917
1918
1919
1920
1921
1922
1923
1924
1925
1938
1939
1964
1965
1966
1967
1968
1969
1970
1971
1972
1973
1974
1987
1988
1997
1998
1999
2000
2001
2002
2003
2004
2005
2006
2007
2008
2009
2010
2011
2012
2021
2022
2023
2040
2041
2046
2047
2052
2053
2062
2063
2064
2065
2066
2067
2068
2069
2070
2071
2072
2073
2074
2075
2076
2077
2078
2079
2080
2081
2082
2083
2084
2085
2118
2119
2120
2121
2122
2123
2124
2125
2126
2127
2128
2129
2130
2131
2132
2145
2146
2155
2156
2157
2158
2159
2160
2173
2174
2183
2184
2185
2186
2187
2188
2189
2190
2191
2192
2193
2206
2207
2216
2217
2218
2219
2220
2221
2222
2223
2224
2225
2226
2227
2228
2229
2230
2231
2290
2291
2292
2293
2294
2295
2296
2297
2298
2299
2300
2301
2302
2303
2304
2305
2306
2307
2332
2333
2334
2335
2336
2337
2338
2339
2340
2353
2354
2363
2364
2365
2366
2367
2368
2369
2370
2371
2372
2373
2374
2375
2376
2385
2386
2387
2388
2389
2390
2391
2392
2393
2394
2395
2396
2414
2417
2420
2523
2530
2533
2540
2543
2546
2565
2580
2583
2609
2610
2611
2612
2613
2614
2615
2616
2617
2618
2619
2620
2633
2634
2635
2636
2637
2638
2639
2640
2641
2642
2659
2660
2661
2662
2663
2664
2665
2666
2667
2692
2693
2694
2695
2696
2697
2698
2699
2700
2701
2702
2703
2704
2705
2706
2707
2708
2721
2722
2723
2724
2725
2726
2735
2736
2737
2738
2739
2740
2741
2742
2743
2752
2753
2754
2755
2756
2757
2758
2759
2760
2761
2762
2763
2764
2765
2766
2767
2768
2769
2770
2771
2784
2785
2786
2787
2788
2789
2790
2791
2792
2793
2794
2795
2796
2797
2798
2799
2800
2813
2814
2815
2816
2817
2818
2827
2828
2829
2830
2831
2832
2833
2834
2835
2844
2845
2846
2847
2848
2849
2850
2851
2852
2853
2854
2855
2856
2857
2858
2859
2860
2861
2862
2888
2914
2915
2924
2925
2926
2927
2928
2929
2946
2947
2948
2950
2956
2957
2958
2960
2974
2975
2976
2977
2978
2979
3001
3016
3019
3030
3033
3036
3039
3042
3045
3048
3051
3057
3058
3059
3061
3064
3067
3069
3070
3071
3072
3073
3074
3075
3076
3077
3078
3079
3080
3081
3082
3083
3096
3097
3098
3099
3100
3101
3114
3115
3124
3125
3126
3127
3128
3129
3130
3131
3132
3134
3149
3152
3178
3179
3180
3181
3182
3183
3184
3185
3186
3187
3188
3189
3190
3191
3193
3208
3211
3222
3225
3228
3231
3234
3237
3240
3243
3246
3249
3252
3258
3259
3260
3262
3268
3269
3270
3271
3272
3273
3274
3275
3308
3309
3310
3311
3312
3313
3314
3315
3320
3321
3322
3323
3324
3325
3326
3327
3328
3365
3366
3367
3368
3369
3370
3371
3372
3373
3391
3394
3405
3408
3411
3421
3422
3423
3424
3425
3426
3527
3528
3529
3534
3535
3536
3537
3538
3539
3544
3545
3546
3547
3548
3549
3550
3551
3552
3569
3570
3571
3596
3597
3598
3616
3619
3630
3633
3636
3646
3647
3648
3649
3650
3651
3676
3677
3678
3691
3692
3693
3694
3695
3696
3705
3706
3707
3708
3709
3710
3711
3712
3713
3714
3715
3716
3717
3718
3719
3720
3721
3722
3723
3724
3725
3726
3727
3728
3729
3730
3731
3740
3741
3742
3743
3744
3745
3746
3747
3748
3749
3750
3751
3752
3753
3754
3755
3756
3757
3758
3763
3764
3765
3767
3773
3774
3775
3776
3777
3778
3779
3780
3781
3782
3783
3784
3785
3786
3787
3788
3789
3790
3791
3792
3793
3794
3795
3820
3821
3822
3823
3824
3825
3826
3827
3828
3829
3830
3831
3832
3833
3834
3835
3836
3854
3857
3868
3871
3874
3884
3885
3886
3887
3888
3889
3914
3915
3916
3917
3918
3919
3920
3921
3922
3923
3924
3925
3926
3927
3928
3929
3930
3943
3944
3945
3946
3947
3948
3957
3958
3959
3960
3961
3962
3963
3964
3965
3966
3967
3968
3969
3970
3971
3972
3973
3974
3975
3976
3977
3978
3979
3980
3981
3982
3983
3992
3993
3994
3995
3996
3997
3998
3999
4000
4001
4002
4003
4004
4005
4006
4007
4008
4009
4010
4015
4016
4017
4019
4025
4026
4027
4028
4029
4030
4031
4032
4033
4034
4035
4036
4037
4038
4039
4040
4041
4042
4043
4044
4045
4046
4047
4048
4049
4050
4051
4052
4053
4054
4055
4056
4081
4082
4083
4084
4085
4086
4087
4088
4089
4091
4097
4098
4099
4101
4107
4108
4109
4110
4111
4112
4113
4114
4115
4140
4141
4142
4144
4150
4151
4152
4154
4164
4165
4166
4168
4174
4175
4176
4178
4188
4189
4190
4192
4198
4199
4200
4202
4216
4217
4218
4219
4220
4221
4226
4227
4228
4229
4230
4231
4236
4237
4238
4239
4240
4241
4258
4259
4260
4262
4268
4269
4270
4272
4278
4279
4280
4281
4282
4283
4284
4285
4286
4303
4304
4305
4306
4307
4308
4309
4310
4311
4312
4313
4314
4315
4316
4317
4318
4319
4320
4321
4322
4323
4324
4325
4326
4327
4328
4329
4330
4331
4332
4333
4334
4335
4336
4337
4338
4339
4340
4345
4346
4347
4349
4355
4356
4357
4358
4359
4360
4361
4362
4363
4364
4365
4366
4367
4368
4369
4370
4371
4372
4373
4374
4375
4376
4377
4378
4379
4380
4381
4382
4383
4384
4385
4386
4387
4388
4389
4390
4391
4392
4393
4398
4399
4400
4402
4408
4409
4410
4411
4412
4413
4414
4415
4416
4417
4418
4419
4420
4421
4422
4423
4424
4425
4426
4427
4428
4429
4430
4431
4432
4433
4434
4435
4436
4437
4438
4439
4440
4441
4442
4443
4444
4445
4446
4451
4452
4453
4455
4461
4470
4471
4472
4473
4474
4475
4476
4477
4478
4479
4480
4481
4482
4483
4484
4485
4486
4487
4488
4489
4490
4491
4492
4493
4494
4495
4496
4497
4498
4499
4500
4501
4502
4503
4504
4505
4506
4507
4508
4509
4510
4511
4512
4513
4514
4515
4516
4517
4518
4519
4520
4521
4522
4523
4524
4525
4526
4527
4528
4529
4530
4531
4532
4533
4534
4535
4536
4537
4538
4539
4540
4541
4542
4543
4544
4545
4546
4547
4548
4549
4550
4551
4552
4553
4554
4555
4556
4557
4558
4559
4592
4593
4594
4595
4596
4597
4598
4599
4600
4601
4602
4603
4604
4605
4606
4607
4608
4609
4610
4611
4612
4625
4626
4627
4628
4629
4630
4639
4640
4641
4642
4643
4644
4645
4646
4647
4656
4657
4658
4659
4660
4661
4662
4663
4664
4665
4666
4667
4668
4669
4670
4671
4672
4673
4674
4683
4684
4685
4686
4687
4688
4689
4690
4691
4692
4693
4694
4695
4696
4697
4698
4699
4700
4701
4702
4703
4717
4720
4731
4734
4737
4740
4743
4749
4750
4751
4753
4759
4760
4761
4762
4763
4764
4765
4766
4775
4776
4777
4778
4779
4780
4781
4782
4783
4784
4785
4786
4787
4788
4789
4790
4791
4792
4793
4794
4795
4808
4809
4810
4811
4812
4813
4822
4823
4824
4825
4826
4827
4828
4829
4830
4831
4832
4833
4834
4835
4836
4837
4838
4839
4840
4841
4842
4843
4844
4845
4846
4847
4848
4861
4862
4863
4864
4865
4866
4875
4876
4877
4878
4879
4880
4881
4882
4883
4892
4893
4894
4895
4896
4897
4898
4899
4900
4901
4902
4903
4904
4905
4906
4907
4908
4909
4910
4924
4939
4942
4953
4956
4959
4962
4965
4971
4972
4973
4975
4981
4982
4983
4984
4985
4986
4987
4988
5001
5002
5003
5016
5017
5018
5019
5020
5021
5030
5031
5032
5033
5034
5035
5036
5037
5038
5039
5040
5041
5042
5043
5044
5045
5046
5047
5048
5049
5050
5051
5052
5053
5054
5055
5056
5057
5058
5059
5060
5061
5062
5063
5076
5077
5078
5079
5080
5081
5090
5091
5092
5093
5094
5095
5096
5097
5098
5107
5108
5109
5110
5111
5112
5113
5114
5115
5116
5117
5118
5119
5120
5121
5122
5123
5124
5125
5138
5139
5140
5141
5142
5143
5144
5145
5146
5147
5148
5149
5150
5151
5153
5168
5171
5182
5185
5188
5191
5194
5200
5201
5202
5204
5210
5211
5212
5213
5214
5215
5216
5217
5230
5231
5232
5233
5234
5235
5236
5237
5238
5239
5240
5241
5242
5243
5244
5245
5246
5259
5260
5261
5262
5263
5264
5273
5274
5275
5276
5277
5278
5279
5280
5281
5282
5283
5284
5285
5286
5287
5288
5289
5290
5291
5292
5293
5294
5295
5296
5297
5298
5299
5300
5301
5302
5303
5304
5305
5306
5307
5308
5309
5310
5311
5312
5313
5314
5315
5316
5317
5318
5319
5320
5321
5322
5323
5324
5325
5326
5327
5328
5329
5330
5331
5332
5333
5334
5335
5336
5337
5338
5339
5340
5341
5342
5343
5344
5345
5346
5347
5348
5349
5350
5351
5352
5353
5354
5355
5356
5357
5358
5359
5360
5361
5362
5363
5438
5443
5444
5449
5450
5451
5456
5457
5458
5459
5460
5461
5462
5463
5464
5465
5466
5467
5468
5469
5470
5471
5472
5473
5474
5475
5476
5477
5478
5479
5480
5481
5482
5483
5484
5485
5502
5503
5508
5509
5514
5515
5524
5525
5526
5644
5645
5646
5647
5648
5649
5650
5651
5652
5653
5654
5655
5656
5657
5658
5659
5660
5661
5743
5744
5745
5746
5747
5748
5749
5750
5751
5752
5753
5754
5755
5756
5757
5758
5759
5760
5785
5786
5787
5788
5789
5790
5791
5792
5793
5794
5795
5796
5797
5798
5799
5800
5801
5802
5803
5804
5805
5824
5825
5826
5827
5828
5829
5830
5831
5832
5833
5834
5835
5836
5837
5838
5839
5840
5841
5842
5843
5844
5845
5846
5847
5848
5849
5850
5851
5852
5853
5900
5901
5902
5903
5904
5905
5906
5907
5908
5909
5910
5911
5912
5913
5914
5915
5916
5917
5918
5919
5923
5924
5925
5926
5927
5928
5929
5930
5931
5932
5933
5934
5935
5940
5945
5946
5947
5948
5949
5950
5951
5952
5953
5954
5955
5956
5957
5962
5967
5968
5969
5970
5971
5972
5973
5974
5975
5976
5977
5978
5979
5984
6049
6050
6055
6056
6061
6062
6063
6068
6069
6070
6071
6072
6073
6074
6075
6076
6077
6078
6079
6080
6081
6082
6083
6084
6085
6086
6087
6088
6089
6090
6091
6092
6093
6094
6095
6096
6097
6114
6115
6120
6121
6126
6127
6136
6137
6138
6139
6140
6141
6142
6143
6144
6145
6146
6147
6148
6149
6150
6151
6152
6153
6154
6155
6156
6157
6158
6159
6160
6161
6162
6163
6164
6165
6166
6167
6168
6169
6170
6171
6172
6173
6174
6175
6176
6177
6178
6179
6180
6181
6182
6183
6184
6193
6202
6215
6216
6217
6218
6219
6220
6221
6222
6223
6224
6225
6226
6227
6248
6249
6250
6252
6258
6259
6260
6262
6276
6277
6278
6279
6280
6281
6287
6290
6296
6297
6298
6300
6310
6311
6312
6313
6314
6315
6324
6325
6326
6327
6328
6329
6330
6331
6332
6341
6342
6343
6344
6345
6346
6347
6348
6349
6350
6351
6352
6353
6354
6355
6356
6357
6358
6359
6364
6365
6366
6368
6374
6375
6376
6377
6378
6379
6380
6381
6382
6383
6384
6385
6386
6387
6388
6389
6390
6391
6392
6393
6394
6395
6396
6397
6398
6399
6400
6401
6402
6411
6412
6413
6414
6415
6416
6417
6418
6419
6420
6421
6422
6423
6424
6425
6426
6427
6428
6429
6434
6435
6436
6438
6444
6445
6446
6447
6448
6449
6450
6451
6452
6453
6454
6455
6456
6457
6458
6459
6460
6461
6462
6463
6464
6465
6466
6467
6468
6469
6478
6479
6480
6481
6482
6483
6484
6485
6486
6487
6488
6489
6490
6491
6492
6493
6494
6495
6508
6509
6510
6511
6512
6513
6522
6523
6524
6525
6526
6527
6528
6529
6530
6539
6540
6541
6542
6543
6544
6545
6546
6547
6548
6549
6550
6551
6552
6553
6554
6555
6556
6557
6562
6563
6564
6566
6572
6573
6574
6575
6576
6577
6578
6579
6580
6581
6582
6583
6584
6585
6586
6587
6588
6589
6590
6591
6592
6593
6594
6595
6596
6597
6598
6599
6600
6601
6602
6603
6604
6605
6618
6619
6620
6621
6622
6623
6632
6633
6634
6635
6636
6637
6638
6639
6640
6641
6642
6643
6644
6645
6646
6647
6648
6649
6650
6651
6652
6653
6654
6655
6656
6657
6658
6659
6660
6661
6662
6663
6664
6665
6666
6667
6668
6669
6670
6671
6672
6673
6674
6675
6676
6677
6678
6679
6680
6685
6686
6687
6689
6695
6696
6697
6698
6699
6700
6701
6702
6703
6704
6705
6706
6707
6708
6709
6710
6711
6712
6713
6714
6715
6716
6717
6718
6719
6720
6721
6722
6723
6724
6725
6726
6727
6728
6729
6730
6731
6732
6733
6734
6735
6736
6737
6738
6740
6743
6746
6749
6752
6755
6758
6761
6764
6767
6770
6773
6776
6779
6782
6785
6788
6791
6794
6797
6800
6803
6809
6812
6815
6818
6821
6824
6827
6830
6833
6836
6839
6841
6842
6843
6844
6845
6846
6847
6848
6849
6850
6851
6852
6853
6854
6855
6856
6857
6858
6859
6860
6861
6862
6867
6868
6869
6871
6877
6878
6879
6880
6881
6882
6883
6884
6885
6886
6887
6888
6889
6890
6891
6892
6893
6894
6895
6896
6897
6898
6899
6900
6901
6902
6903
6904
6905
6906
6907
6908
6909
6910
6911
6912
6913
6914
6915
6916
6917
6918
6919
6920
6921
6922
6923
6924
6925
6926
6927
6932
6933
6934
6936
6942
6943
6944
6945
6946
6947
6948
6949
6950
6951
6952
6953
6954
6955
6956
6957
6958
6959
6960
6961
6962
6963
6964
6965
6966
6967
6968
6969
6970
6971
6972
6973
6974
6975
6976
6977
6978
6979
6980
6981
6982
6983
6984
6985
6986
6987
6988
6989
6990
6991
6992
6993
6994
6995
6996
6997
6998
6999
7000
7001
7002
7003
7004
7005
7006
7007
7008
7009
7010
7011
7012
7013
7014
7015
7016
7017
7018
7019
7020
7021
7022
7023
7024
7025
7026
7027
7028
7029
7030
7033
7034
7035
7036
7037
7038
7039
7040
7041
7042
7043
7044
7045
7046
7047
7048
7049
7050
7051
7052
7053
7054
7055
7056
7057
7058
7059
7060
7061
7062
7063
7064
7065
7066
7067
7068
7069
7071
7074
7077
7080
7083
7086
7089
7092
7095
