52
53
54
55
56
57
66
67
68
69
70
71
72
73
74
75
76
77
78
79
80
81
82
183
184
185
190
191
192
193
194
195
200
201
202
203
204
205
206
207
208
217
218
219
220
221
222
223
224
225
226
227
228
229
230
231
232
233
234
235
236
237
238
239
252
253
254
263
264
265
266
267
268
269
270
271
272
297
298
299
308
309
310
311
312
313
314
315
316
317
326
327
328
329
330
331
332
333
334
395
396
397
398
399
400
401
402
403
412
413
414
415
416
417
418
419
420
421
430
431
432
433
434
435
436
437
438
467
468
469
491
513
514
523
524
525
526
527
528
529
530
551
552
553
562
563
564
565
566
567
668
673
674
679
680
681
690
691
692
693
694
695
696
697
698
699
700
701
702
703
704
705
706
707
708
709
710
723
732
733
734
735
736
737
762
771
772
773
774
775
776
785
786
787
832
833
834
843
844
845
846
847
848
849
850
871
872
873
882
883
884
885
886
887
988
993
994
999
1000
1001
1010
1011
1012
1013
1014
1015
1016
1017
1018
1019
1020
1021
1022
1023
1024
1025
1026
1027
1028
1029
1030
1043
1052
1053
1054
1055
1056
1057
1082
1091
1092
1093
1094
1095
1096
1105
1106
1107
1108
1109
1110
1111
1112
1113
1122
1123
1124
1125
1126
1127
1128
1129
1130
1131
1132
1133
1134
1135
1136
1137
1138
1139
1160
1161
1162
1171
1172
1173
1174
1175
1176
1209
1210
1211
1220
1221
1222
1223
1224
1225
1234
1235
1236
1269
1270
1271
1280
1281
1282
1283
1284
1285
1294
1295
1296
1305
1306
1307
1308
1309
1310
1311
1312
1313
1314
1315
1316
1317
1326
1327
1328
1329
1330
1331
1332
1333
1334
1343
1344
1345
1362
1363
1368
1369
1374
1375
1384
1385
1386
1407
1408
1409
1418
1419
1420
1433
1434
1435
1436
1437
1438
1439
1440
1441
1502
1503
1504
1513
1514
1515
1516
1517
1518
1527
1528
1529
1538
1539
1540
1541
1542
1551
1552
1553
1554
1555
1556
1565
1566
1567
1576
1577
1578
1579
1584
1585
1594
1595
1596
1597
1598
1599
1608
1609
1610
1619
1620
1621
1622
1623
1624
1625
1626
1627
1628
1629
1630
1631
1632
1633
1695
1696
1697
1698
1699
1700
1701
1702
1703
1734
1735
1736
1737
1738
1739
1740
1741
1742
1743
1744
1745
1746
1747
1748
1749
1750
1751
1752
1753
1754
1755
1756
1757
1758
1759
1760
1769
1770
1771
1772
1773
1774
1783
1784
1785
1794
1795
1796
1797
1798
1799
1800
1801
1810
1811
1812
1813
1814
1815
1816
1825
1826
1827
1836
1837
1838
1839
1840
1849
1850
1851
1852
1853
1854
1863
1864
1865
1874
1875
1876
1877
1878
1879
1880
1881
1882
1883
1884
1885
1886
1887
1888
1889
1890
1891
1892
1893
1894
1895
1896
1897
1898
1899
1900
1901
1902
1923
1924
1925
1934
1935
1936
1937
1938
1939
1972
1973
1974
1983
1984
1985
1986
1987
1988
1997
1998
1999
2000
2001
2002
2003
2004
2005
2006
2007
2008
2009
2010
2011
2012
2021
2022
2023
2040
2041
2046
2047
2052
2053
2062
2063
2064
2065
2066
2067
2068
2069
2130
2131
2132
2141
2142
2143
2144
2145
2146
2155
2156
2157
2158
2159
2160
2169
2170
2171
2172
2173
2174
2183
2184
2185
2186
2187
2192
2193
2202
2203
2204
2205
2206
2207
2216
2217
2218
2219
2220
2221
2222
2223
2224
2225
2226
2227
2228
2229
2230
2231
2293
2294
2295
2296
2297
2298
2299
2300
2301
2332
2333
2334
2335
2336
2337
2338
2339
2340
2349
2350
2351
2352
2353
2354
2363
2364
2365
2366
2367
2368
2369
2370
2371
2372
2373
2374
2375
2376
2385
2386
2387
2388
2389
2390
2392
2395
2405
2406
2407
2408
2409
2410
2411
2412
2413
2414
2415
2416
2417
2418
2420
2523
2530
2533
2540
2543
2546
2556
2557
2558
2559
2560
2561
2562
2563
2564
2565
2566
2567
2568
2569
2570
2571
2572
2573
2574
2575
2576
2577
2578
2579
2580
2581
2582
2583
2584
2585
2586
2587
2588
2589
2590
2591
2592
2593
2594
2595
2596
2637
2638
2639
2640
2641
2642
2651
2652
2653
2654
2655
2656
2657
2658
2659
2660
2661
2662
2663
2664
2665
2666
2667
2700
2701
2702
2703
2704
2705
2706
2707
2708
2717
2718
2719
2720
2721
2722
2723
2724
2725
2726
2735
2736
2737
2738
2739
2740
2741
2742
2743
2792
2793
2794
2795
2796
2797
2798
2799
2800
2809
2810
2811
2812
2813
2814
2815
2816
2817
2818
2827
2828
2829
2830
2831
2832
2833
2834
2835
2852
2853
2854
2856
2862
2888
2910
2911
2912
2913
2914
2915
2924
2925
2926
2927
2928
2929
2938
2939
2940
2941
2942
2943
2944
2945
2946
2947
2948
2949
2950
2951
2956
2957
2958
2960
2974
2975
2976
2977
2978
2979
3001
3011
3012
3013
3014
3015
3016
3017
3019
3030
3033
3036
3039
3042
3045
3048
3051
3057
3058
3059
3061
3064
3067
3078
3100
3101
3110
3111
3112
3113
3114
3115
3124
3125
3126
3127
3128
3129
3131
3134
3144
3145
3146
3147
3148
3149
3150
3152
3187
3190
3193
3203
3204
3205
3206
3207
3208
3209
3211
3222
3225
3228
3231
3234
3237
3240
3243
3246
3249
3252
3258
3259
3260
3262
3268
3273
3274
3275
3320
3321
3322
3323
3324
3325
3326
3327
3328
3337
3338
3339
3340
3341
3342
3343
3344
3365
3366
3367
3368
3369
3370
3371
3372
3373
3386
3387
3388
3389
3390
3391
3392
3394
3405
3408
3411
3417
3418
3419
3420
3421
3422
3423
3424
3425
3426
3527
3528
3529
3534
3535
3536
3537
3538
3539
3544
3545
3546
3547
3548
3549
3550
3551
3552
3561
3562
3563
3564
3565
3566
3567
3568
3569
3570
3571
3572
3573
3574
3575
3576
3577
3578
3579
3580
3581
3582
3583
3596
3597
3598
3611
3612
3613
3614
3615
3616
3617
3619
3630
3633
3636
3642
3643
3644
3645
3646
3647
3648
3649
3650
3651
3676
3677
3678
3687
3688
3689
3690
3691
3692
3693
3694
3695
3696
3705
3706
3707
3708
3709
3710
3711
3712
3713
3714
3715
3716
3717
3718
3719
3720
3721
3722
3723
3724
3725
3726
3727
3728
3729
3730
3731
3748
3749
3750
3752
3758
3763
3764
3765
3767
3773
3778
3779
3780
3781
3782
3783
3784
3785
3786
3787
3788
3789
3790
3791
3792
3793
3794
3795
3796
3797
3798
3799
3800
3801
3802
3803
3804
3805
3806
3807
3828
3829
3830
3831
3832
3833
3834
3835
3836
3849
3850
3851
3852
3853
3854
3855
3857
3868
3871
3874
3880
3881
3882
3883
3884
3885
3886
3887
3888
3889
3922
3923
3924
3925
3926
3927
3928
3929
3930
3939
3940
3941
3942
3943
3944
3945
3946
3947
3948
3957
3958
3959
3960
3961
3962
3963
3964
3965
3966
3967
3968
3969
3970
3971
3972
3973
3974
3975
3976
3977
3978
3979
3980
3981
3982
3983
4000
4001
4002
4004
4010
4015
4016
4017
4019
4025
4030
4031
4032
4033
4034
4035
4036
4037
4038
4039
4040
4041
4042
4043
4044
4045
4046
4047
4048
4049
4050
4051
4052
4053
4054
4055
4056
4073
4074
4075
4076
4077
4078
4079
4080
4081
4082
4083
4084
4085
4086
4087
4088
4089
4091
4097
4098
4099
4101
4107
4108
4109
4110
4111
4112
4113
4114
4115
4140
4141
4142
4144
4150
4151
4152
4154
4164
4165
4166
4168
4174
4175
4176
4178
4188
4189
4190
4192
4198
4199
4200
4202
4216
4217
4218
4219
4220
4221
4226
4227
4228
4229
4230
4231
4236
4237
4238
4239
4240
4241
4258
4259
4260
4262
4268
4269
4270
4272
4278
4279
4280
4281
4282
4283
4284
4285
4286
4315
4316
4317
4319
4325
4330
4331
4332
4334
4340
4345
4346
4347
4349
4355
4368
4369
4370
4372
4378
4383
4384
4385
4387
4393
4398
4399
4400
4402
4408
4421
4422
4423
4425
4431
4436
4437
4438
4440
4446
4451
4452
4453
4455
4461
4478
4479
4480
4481
4482
4483
4484
4485
4486
4495
4496
4497
4498
4499
4500
4501
4502
4503
4512
4513
4514
4515
4516
4517
4518
4519
4520
4521
4522
4523
4524
4525
4526
4527
4528
4529
4530
4531
4532
4533
4534
4535
4604
4605
4606
4607
4608
4609
4610
4611
4612
4621
4622
4623
4624
4625
4626
4627
4628
4629
4630
4639
4640
4641
4642
4643
4644
4645
4646
4647
4664
4665
4666
4668
4674
4696
4699
4702
4712
4713
4714
4715
4716
4717
4718
4720
4731
4734
4737
4740
4743
4749
4750
4751
4753
4759
4764
4765
4766
4787
4788
4789
4790
4791
4792
4793
4794
4795
4804
4805
4806
4807
4808
4809
4810
4811
4812
4813
4822
4823
4824
4825
4826
4827
4828
4829
4830
4831
4832
4833
4834
4835
4836
4837
4838
4839
4840
4841
4842
4843
4844
4845
4846
4847
4848
4857
4858
4859
4860
4861
4862
4863
4864
4865
4866
4875
4876
4877
4878
4879
4880
4881
4882
4883
4900
4901
4902
4904
4910
4924
4934
4935
4936
4937
4938
4939
4940
4942
4953
4956
4959
4962
4965
4971
4972
4973
4975
4981
4986
4987
4988
5001
5002
5003
5012
5013
5014
5015
5016
5017
5018
5019
5020
5021
5030
5031
5032
5033
5034
5035
5036
5037
5038
5039
5040
5041
5042
5043
5044
5045
5046
5047
5048
5049
5050
5051
5052
5053
5058
5059
5060
5061
5062
5063
5072
5073
5074
5075
5076
5077
5078
5079
5080
5081
5090
5091
5092
5093
5094
5095
5096
5097
5098
5115
5116
5117
5119
5125
5147
5150
5153
5163
5164
5165
5166
5167
5168
5169
5171
5182
5185
5188
5191
5194
5200
5201
5202
5204
5210
5215
5216
5217
5238
5239
5240
5241
5242
5243
5244
5245
5246
5255
5256
5257
5258
5259
5260
5261
5262
5263
5264
5273
5274
5275
5276
5277
5278
5279
5280
5281
5282
5283
5284
5285
5286
5287
5288
5289
5290
5291
5292
5293
5294
5295
5296
5297
5298
5299
5300
5301
5302
5303
5304
5305
5311
5314
5320
5321
5322
5324
5334
5335
5336
5337
5338
5339
5340
5341
5342
5343
5344
5345
5346
5347
5348
5349
5350
5351
5352
5353
5354
5355
5356
5357
5358
5359
5360
5361
5362
5363
5382
5383
5384
5385
5386
5387
5388
5389
5390
5391
5392
5393
5394
5395
5396
5397
5398
5399
5400
5401
5402
5403
5404
5405
5406
5407
5408
5409
5410
5411
5412
5413
5414
5415
5416
5417
5418
5419
5420
5421
5422
5423
5424
5425
5426
5427
5428
5429
5430
5431
5432
5433
5434
5435
5436
5437
5438
5439
5440
5441
5442
5443
5444
5445
5446
5447
5448
5449
5450
5451
5452
5453
5454
5455
5456
5457
5458
5459
5460
5461
5462
5463
5464
5465
5466
5467
5468
5469
5470
5471
5472
5473
5474
5475
5476
5477
5478
5479
5480
5481
5482
5483
5484
5485
5486
5487
5488
5489
5490
5491
5492
5493
5494
5495
5496
5497
5498
5499
5500
5501
5502
5503
5504
5505
5506
5507
5508
5509
5510
5511
5512
5513
5514
5515
5516
5517
5518
5519
5520
5521
5522
5523
5524
5525
5526
5527
5528
5529
5530
5531
5532
5533
5534
5535
5536
5537
5538
5539
5540
5541
5542
5647
5648
5649
5650
5651
5652
5653
5654
5655
5686
5687
5688
5689
5690
5691
5692
5693
5694
5746
5747
5748
5749
5750
5751
5752
5753
5754
5785
5786
5787
5788
5789
5790
5791
5792
5793
5794
5795
5796
5797
5798
5799
5800
5801
5802
5803
5804
5805
5828
5829
5830
5831
5832
5833
5834
5835
5836
5837
5838
5839
5840
5841
5842
5900
5901
5902
5903
5904
5905
5906
5907
5908
5909
5910
5911
5912
5913
5914
5915
5916
5917
5918
5919
5923
5924
5925
5926
5927
5928
5929
5930
5931
5932
5933
5934
5935
5936
5937
5938
5939
5940
5941
5942
5943
5944
5945
5946
5947
5948
5949
5950
5951
5952
5953
5954
5955
5956
5957
5958
5959
5960
5961
5962
5963
5964
5965
5966
5967
5968
5969
5970
5971
5972
5973
5974
5975
5976
5977
5978
5979
5980
5981
5982
5983
5984
5985
5986
5987
5988
5989
5990
5991
5992
5993
5994
5995
5996
6049
6050
6055
6056
6061
6062
6063
6072
6073
6074
6075
6076
6077
6078
6079
6080
6081
6082
6083
6084
6085
6086
6095
6096
6097
6114
6115
6120
6121
6126
6127
6136
6137
6138
6139
6140
6141
6142
6143
6144
6145
6146
6147
6148
6149
6150
6151
6152
6153
6154
6155
6156
6157
6158
6159
6160
6161
6162
6163
6164
6165
6166
6167
6168
6169
6170
6171
6172
6173
6174
6175
6176
6177
6178
6179
6180
6181
6182
6183
6184
6189
6190
6191
6192
6193
6198
6199
6200
6201
6202
6215
6216
6217
6218
6219
6220
6221
6222
6223
6224
6225
6226
6227
6240
6241
6242
6243
6244
6245
6246
6247
6248
6249
6250
6251
6252
6253
6258
6259
6260
6262
6276
6277
6278
6279
6280
6281
6287
6290
6296
6297
6298
6300
6306
6307
6308
6309
6310
6311
6312
6313
6314
6315
6324
6325
6326
6327
6328
6329
6330
6331
6332
6349
6350
6351
6353
6359
6364
6365
6366
6368
6374
6379
6380
6381
6382
6383
6384
6385
6386
6387
6388
6389
6390
6391
6392
6393
6394
6395
6396
6397
6398
6399
6400
6401
6402
6419
6420
6421
6423
6429
6434
6435
6436
6438
6444
6449
6450
6451
6452
6453
6454
6455
6456
6457
6458
6459
6460
6461
6462
6463
6464
6465
6466
6467
6468
6469
6478
6479
6480
6481
6482
6483
6484
6485
6486
6487
6488
6489
6490
6491
6492
6493
6494
6495
6504
6505
6506
6507
6508
6509
6510
6511
6512
6513
6522
6523
6524
6525
6526
6527
6528
6529
6530
6547
6548
6549
6551
6557
6562
6563
6564
6566
6572
6577
6578
6579
6580
6581
6582
6583
6584
6585
6586
6587
6588
6597
6598
6599
6600
6601
6602
6603
6604
6605
6614
6615
6616
6617
6618
6619
6620
6621
6622
6623
6632
6633
6634
6635
6636
6637
6638
6639
6640
6641
6642
6643
6644
6645
6646
6647
6648
6649
6650
6651
6652
6653
6654
6655
6656
6657
6658
6660
6666
6667
6668
6669
6670
6671
6672
6674
6680
6685
6686
6687
6689
6695
6700
6701
6702
6703
6704
6705
6706
6707
6708
6709
6710
6711
6712
6713
6714
6715
6716
6717
6718
6719
6720
6721
6722
6723
6724
6725
6726
6727
6728
6729
6730
6731
6732
6734
6737
6740
6743
6746
6748
6749
6750
6751
6752
6753
6754
6755
6756
6757
6758
6759
6760
6761
6762
6764
6767
6770
6773
6776
6779
6782
6785
6788
6791
6794
6797
6800
6803
6809
6812
6815
6818
6821
6824
6827
6830
6833
6836
6839
6842
6848
6849
6850
6851
6852
6853
6854
6856
6862
6867
6868
6869
6871
6877
6882
6883
6884
6885
6886
6887
6888
6889
6890
6891
6892
6893
6894
6895
6896
6897
6898
6899
6900
6901
6902
6903
6904
6905
6907
6913
6914
6915
6916
6917
6918
6919
6921
6927
6932
6933
6934
6936
6942
6947
6948
6949
6950
6951
6952
6953
6954
6955
6956
6957
6958
6959
6960
6961
6962
6963
6964
6965
6966
6967
6968
6969
6970
6971
6972
6973
6974
6975
6976
6977
6978
6979
6980
6981
6982
6983
6984
6985
6986
6987
6988
6989
6990
6991
6992
6993
6994
6995
6996
6997
6998
6999
7000
7001
7002
7003
7004
7005
7006
7007
7008
7009
7010
7011
7012
7013
7014
7015
7016
7017
7018
7019
7020
7021
7022
7023
7024
7025
7026
7027
7028
7029
7030
7031
7032
7033
7034
7035
7036
7037
7038
7039
7040
7041
7042
7043
7044
7045
7046
7047
7048
7049
7050
7051
7052
7053
7054
7055
7056
7057
7058
7059
7060
7061
7062
7063
7064
7065
7066
7067
7068
7069
7071
7074
7077
7080
7083
7086
7089
7092
7095
