0
1
2
3
4
5
6
7
8
9
10
11
12
13
14
15
16
17
18
19
20
21
22
23
35
36
37
38
39
40
41
42
43
44
45
46
47
51
60
61
62
63
64
65
66
67
68
69
70
71
73
74
75
76
77
78
79
80
92
93
94
95
104
105
106
107
108
109
110
111
112
113
114
115
144
145
146
147
148
149
150
151
152
153
154
155
156
157
158
159
160
161
162
163
164
165
166
167
168
169
170
171
172
173
174
175
176
177
178
179
206
207
208
209
210
211
212
213
235
236
237
238
239
240
241
242
243
244
245
246
248
249
250
251
252
253
254
255
262
263
264
265
274
275
276
277
278
279
280
281
282
283
284
285
287
288
289
290
291
292
293
294
301
302
303
304
312
313
314
315
316
317
318
319
340
341
342
343
344
345
346
347
348
349
350
351
352
353
354
355
356
357
358
359
360
361
362
363
375
376
377
378
379
380
381
382
389
390
391
392
400
401
402
403
404
405
406
407
429
430
431
432
433
434
435
436
437
438
439
440
452
453
454
455
456
457
458
459
468
469
470
471
472
473
474
475
476
477
478
479
491
492
493
494
495
496
497
498
505
506
507
508
517
518
519
520
521
522
523
524
525
526
527
528
557
558
559
560
561
562
563
564
565
566
567
568
569
570
571
572
573
574
575
576
577
578
579
580
581
582
583
584
585
586
587
588
589
590
591
592
619
620
621
622
623
624
625
626
648
649
650
651
652
653
654
655
656
657
658
659
661
662
663
664
665
666
667
668
675
676
677
678
687
688
689
690
691
692
693
694
695
696
697
698
700
701
702
703
704
705
706
707
714
715
716
717
726
727
733
734
749
750
751
752
753
754
755
756
757
758
759
760
773
774
775
776
777
778
779
780
781
782
783
784
791
792
793
794
795
796
797
798
810
811
812
813
822
823
824
825
826
827
828
829
830
831
832
833
845
846
847
848
849
850
851
852
859
860
861
862
870
871
872
873
874
875
876
877
898
899
900
901
902
903
904
905
906
907
908
909
921
922
923
924
925
926
927
928
935
936
937
938
946
947
948
949
950
951
952
953
964
965
966
967
968
969
970
971
972
973
974
975
976
977
978
979
980
981
982
983
984
985
986
987
989
990
991
992
993
994
995
996
1007
1008
1009
1010
1013
1014
1015
1016
1017
1018
1019
1020
1033
1034
1035
1036
1040
1041
1053
1054
1055
1056
1057
1058
1059
1060
1067
1068
1069
1070
1079
1080
1081
1082
1083
1084
1085
1086
1087
1088
1089
1090
1102
1103
1104
1105
1106
1107
1108
1109
1116
1117
1118
1119
1128
1129
1135
1136
1137
1138
1139
1140
1148
1149
1150
1151
1152
1153
1154
1155
1156
1157
1158
1159
1160
1161
1162
1163
1164
1165
1166
1167
1168
1169
1170
1171
1172
1173
1174
1175
1176
1177
1178
1179
1180
1181
1182
1183
1195
1196
1197
1198
1199
1200
1201
1202
1211
1212
1213
1214
1215
1216
1217
1218
1219
1220
1221
1222
1234
1235
1236
1237
1238
1239
1240
1241
1248
1249
1250
1251
1260
1261
1262
1263
1264
1265
1266
1267
1268
1269
1270
1271
1300
1301
1302
1303
1304
1305
1306
1307
1308
1309
1310
1311
1312
1313
1314
1315
1316
1317
1318
1319
1320
1321
1322
1323
1324
1325
1326
1327
1328
1329
1330
1331
1332
1333
1334
1335
1362
1363
1364
1365
1366
1367
1368
1369
1391
1392
1393
1394
1395
1396
1397
1398
1399
1400
1401
1402
1404
1405
1406
1407
1408
1409
1410
1411
1418
1419
1420
1421
1430
1431
1432
1433
1434
1435
1436
1437
1438
1439
1440
1441
1443
1444
1445
1446
1447
1448
1449
1450
1457
1458
1459
1460
1469
1470
1475
1476
1477
1478
1479
1480
1481
1482
1493
1494
1495
1496
1506
1507
1522
1523
1524
1525
1526
1527
1528
1529
1530
1531
1532
1533
1545
1546
1547
1548
1549
1550
1551
1552
1553
1554
1555
1556
1563
1564
1565
1566
1574
1575
1576
1577
1584
1585
1586
1587
1596
1597
1598
1599
1600
1601
1602
1603
1604
1605
1606
1607
1619
1620
1621
1622
1623
1624
1625
1626
1633
1634
1635
1636
1645
1646
1651
1652
1653
1654
1655
1656
1657
1658
1669
1670
1671
1672
1682
1683
1689
1690
1691
1692
1693
1694
1695
1696
1697
1698
1699
1700
1701
1702
1703
1704
1717
1718
1719
1720
1723
1724
1725
1726
1730
1731
1732
1733
1734
1735
1736
1737
1738
1739
1740
1741
1742
1743
1744
1745
1756
1757
1758
1759
1772
1773
1774
1775
1788
1789
1790
1791
1794
1795
1796
1797
1798
1799
1800
1801
1820
1821
1822
1823
1824
1825
1826
1827
1828
1829
1830
1831
1832
1833
1834
1835
1838
1839
1840
1841
1844
1845
1846
1847
1851
1852
1853
1854
1855
1856
1857
1858
1859
1860
1861
1862
1863
1864
1865
1866
1887
1888
1889
1890
1913
1914
1915
1916
1939
1940
1941
1942
1945
1946
1947
1948
1949
1950
1951
1952
1987
1988
1991
1992
2017
2018
2019
2020
2021
2022
2023
2024
2025
2026
2027
2028
2029
2030
2031
2032
2033
2034
2035
2036
2037
2038
2039
2040
2041
2042
2043
2044
2045
2046
2047
2048
2049
2050
2051
2052
2064
2065
2066
2067
2068
2069
2070
2071
2078
2079
2080
2081
2089
2090
2091
2092
2093
2094
2095
2096
2107
2108
2109
2110
2111
2112
2113
2114
2115
2116
2117
2118
2130
2131
2132
2133
2134
2135
2136
2137
2144
2145
2146
2147
2156
2157
2158
2159
2160
2161
2169
2170
2171
2172
2173
2174
2175
2176
2177
2178
2179
2180
2192
2193
2194
2195
2196
2197
2198
2199
2206
2207
2208
2209
2218
2219
2222
2223
2225
2226
2227
2228
2229
2230
2231
2232
2239
2240
2241
2242
2250
2251
2252
2253
2254
2255
2256
2257
2268
2269
2270
2271
2272
2273
2274
2275
2276
2277
2278
2279
2281
2282
2283
2284
2285
2286
2287
2288
2295
2296
2297
2298
2307
2308
2309
2310
2311
2312
2320
2321
2322
2323
2324
2325
2326
2327
2328
2329
2330
2331
2333
2334
2335
2336
2337
2338
2339
2340
2347
2348
2349
2350
2359
2360
2363
2364
2371
2372
2373
2374
2375
2376
2377
2378
2385
2386
2387
2388
2396
2397
2398
2399
2400
2401
2402
2403
2414
2415
2416
2417
2418
2419
2420
2421
2422
2423
2424
2425
2437
2438
2439
2440
2441
2442
2443
2444
2451
2452
2453
2454
2463
2464
2465
2466
2467
2468
2476
2477
2478
2479
2480
2481
2482
2483
2484
2485
2486
2487
2499
2500
2501
2502
2503
2504
2505
2506
2513
2514
2515
2516
2525
2526
2529
2530
2559
2560
2569
2570
2571
2572
2573
2574
2575
2576
2577
2578
2579
2580
2591
2592
2593
2594
2597
2598
2599
2600
2601
2602
2603
2604
2617
2618
2619
2620
2623
2624
2625
2626
2633
2634
2635
2636
2644
2645
2646
2647
2648
2649
2650
2651
2662
2663
2664
2665
2675
2676
2681
2682
2683
2684
2685
2686
2687
2688
2699
2700
2701
2702
2712
2713
2717
2718
2719
2720
2721
2722
2723
2724
2739
2740
2742
2743
2744
2745
2746
2747
2748
2749
2756
2757
2758
2759
2767
2768
2769
2770
2771
2772
2773
2774
2785
2786
2787
2788
2798
2799
2811
2812
2813
2814
2815
2816
2817
2818
2825
2826
2827
2828
2837
2838
2841
2842
2848
2849
2850
2851
2861
2862
2868
2869
2875
2876
2885
2886
2889
2890
2893
2894
2904
2905
2911
2912
2918
2919
2924
2925
2926
2927
2937
2938
2941
2942
2948
2949
2950
2951
2961
2962
2968
2969
2977
2978
2981
2982
2985
2986
2996
2997
3003
3004
3007
3008
3009
3010
3011
3012
3013
3014
3018
3022
3023
3024
3025
3026
3030
3034
3035
3036
3037
3038
3039
3040
3041
3042
3043
3044
3045
3046
3050
3058
3070
3074
3075
3076
3077
3078
3079
3080
3081
3082
3083
3084
3085
3086
3087
3088
3089
3090
3091
3092
3093
3094
3095
3096
3097
3098
3099
3100
3101
3102
3103
3104
3105
3106
3107
3108
3109
3110
3122
3131
3132
3133
3134
3135
3136
3137
3138
3146
3154
3158
3159
3160
3161
3162
3163
3164
3165
3166
3167
3168
3169
3170
3171
3172
3173
3174
3175
3176
3177
3178
3182
3183
3184
3185
3186
3190
3194
3195
3196
3197
3198
3199
3200
3201
3202
3203
3204
3205
3206
3207
3208
3209
3210
3211
3212
3213
3214
3218
3219
3220
3221
3222
3226
3227
3228
3229
3230
3231
3232
3233
3234
3242
3254
3255
3256
3257
3258
3259
3260
3261
3262
3263
3264
3265
3266
3267
3268
3269
3270
3271
3272
3273
3274
3275
3276
3277
3278
3282
3286
3287
3288
3289
3290
3291
3292
3293
3294
3298
3299
3300
3301
3302
3306
3307
3308
3309
3310
3311
3312
3313
3314
3322
3334
3335
3336
3337
3338
3339
3340
3341
3342
3343
3344
3345
3346
3355
3356
3357
3358
3359
3360
3361
3362
3371
3372
3373
3374
3383
3384
3385
3386
3387
3388
3389
3390
3391
3392
3393
3394
3423
3424
3425
3426
3427
3428
3429
3430
3431
3432
3433
3434
3435
3436
3437
3438
3439
3440
3441
3442
3443
3444
3445
3446
3447
3448
3449
3450
3451
3452
3453
3454
3455
3456
3457
3458
3479
3480
3481
3482
3483
3484
3485
3486
3519
3520
3521
3522
3523
3524
3525
3526
3527
3528
3529
3530
3542
3543
3544
3545
3546
3547
3548
3549
3550
3551
3552
3553
3554
3558
3559
3560
3561
3562
3563
3564
3565
3566
3570
3574
3575
3576
3577
3578
3582
3586
3587
3588
3589
3590
3591
3592
3593
3594
3595
3596
3597
3598
3602
3606
3607
3608
3609
3610
3611
3612
3613
3614
3618
3619
3620
3621
3622
3626
3627
3628
3629
3630
3631
3632
3633
3634
3642
3654
3655
3656
3657
3658
3659
3660
3661
3662
3663
3664
3665
3666
3670
3674
3675
3676
3677
3678
3679
3680
3681
3682
3686
3687
3688
3689
3690
3694
3695
3696
3697
3698
3699
3700
3701
3702
3710
3711
3712
3713
3714
3715
3716
3717
3718
3719
3720
3721
3722
3723
3724
3725
3726
3727
3728
3729
3730
3731
3732
3733
3734
3735
3736
3737
3738
3739
3740
3741
3742
3750
3751
3752
3753
3754
3755
3756
3757
3758
3759
3760
3761
3762
3766
3775
3776
3777
3778
3779
3780
3781
3782
3783
3784
3785
3786
3787
3788
3789
3790
3791
3792
3793
3794
3799
3800
3801
3802
3807
3808
3809
3810
3819
3820
3821
3822
3823
3824
3825
3826
3831
3832
3833
3834
3843
3844
3845
3846
3847
3848
3849
3850
3851
3852
3853
3854
3863
3864
3865
3866
3867
3868
3869
3870
3875
3876
3877
3878
3883
3884
3885
3886
3891
3892
3893
3894
3895
3896
3897
3898
3899
3900
3901
3902
3903
3904
3905
3906
3907
3908
3909
3910
3911
3912
3913
3914
3915
3916
3917
3918
3919
3920
3921
3922
3923
3924
3925
3926
3935
3936
3937
3938
3939
3940
3941
3942
3951
3952
3953
3954
3955
3956
3957
3958
3959
3960
3961
3962
3971
3972
3973
3974
3975
3976
3977
3978
3979
3980
3981
3982
3987
3988
3989
3990
3995
3996
3997
3998
4003
4004
4005
4006
4015
4016
4017
4018
4019
4020
4021
4022
4023
4024
4025
4026
4055
4056
4057
4058
4059
4060
4061
4062
4063
4064
4065
4066
4067
4068
4069
4070
4071
4072
4073
4074
4075
4076
4077
4078
4079
4080
4081
4082
4083
4084
4085
4086
4087
4088
4089
4090
4111
4112
4113
4114
4115
4116
4117
4118
4139
4140
4141
4142
4143
4144
4145
4146
4147
4148
4149
4150
4151
4152
4153
4154
4155
4156
4157
4158
4159
4160
4161
4162
4167
4168
4169
4170
4175
4176
4177
4178
4183
4184
4185
4186
4195
4196
4197
4198
4199
4200
4201
4202
4203
4204
4205
4206
4207
4208
4209
4210
4211
4212
4213
4214
4219
4220
4221
4222
4227
4228
4229
4230
4231
4232
4233
4234
4242
4243
4244
4245
4246
4263
4264
4265
4266
4267
4268
4269
4270
4271
4272
4273
4274
4283
4284
4285
4286
4287
4288
4289
4290
4291
4292
4293
4294
4299
4300
4301
4302
4307
4308
4309
4310
4315
4316
4317
4318
4327
4328
4329
4330
4331
4332
4333
4334
4335
4336
4337
4338
4347
4348
4349
4350
4351
4352
4353
4354
4359
4360
4361
4362
4367
4368
4369
4370
4371
4372
4373
4374
4382
4383
4384
4385
4386
4391
4392
4393
4394
4395
4396
4397
4398
4399
4400
4401
4402
4403
4404
4405
4406
4410
4414
4415
4416
4417
4418
4419
4420
4421
4422
4423
4424
4425
4426
4427
4428
4429
4430
4431
4432
4433
4434
4435
4436
4437
4438
4446
4447
4448
4449
4450
4459
4460
4461
4462
4471
4472
4473
4474
4475
4476
4477
4478
4479
4480
4481
4482
4495
4496
4497
4498
4499
4500
4501
4502
4503
4504
4505
4506
4507
4508
4509
4510
4511
4512
4513
4514
4515
4516
4517
4518
4519
4520
4521
4522
4523
4524
4525
4526
4527
4528
4529
4530
4531
4532
4533
4534
4546
4550
4551
4552
4553
4554
4566
4571
4572
4573
4574
4586
4591
4592
4593
4594
4595
4596
4597
4598
4599
4600
4601
4602
4642
4646
4650
4651
4652
4653
4654
4655
4656
4657
4658
4659
4660
4661
4662
4663
4664
4665
4666
4667
4668
4669
4670
4671
4672
4673
4674
4675
4676
4677
4678
4679
4680
4681
4682
4683
4684
4685
4686
4690
4694
4695
4696
4697
4698
4699
4700
4701
4702
4706
4707
4708
4709
4710
4714
4715
4716
4717
4718
4719
4720
4721
4722
4730
4731
4732
4733
4734
4735
4736
4737
4738
4739
4740
4741
4742
4751
4752
4753
4754
4755
4756
4757
4758
4763
4764
4765
4766
4771
4772
4773
4774
4779
4780
4781
4782
4783
4784
4785
4786
4787
4788
4789
4790
4799
4800
4801
4802
4803
4804
4805
4806
4811
4812
4813
4814
4819
4820
4821
4822
4823
4824
4825
4826
4830
4831
4832
4833
4834
4838
4839
4840
4841
4842
4843
4844
4845
4846
4854
4855
4856
4857
4858
4859
4860
4861
4862
4863
4864
4865
4866
4867
4868
4869
4870
4871
4872
4873
4874
4879
4880
4881
4882
4887
4888
4889
4890
4895
4896
4897
4898
4899
4900
4901
4902
4903
4904
4905
4906
4907
4908
4909
4910
4911
4912
4913
4914
4919
4920
4921
4922
4930
4931
4932
4933
4934
4935
4936
4937
4938
4942
4943
4944
4945
4946
4950
4951
4952
4953
4954
4955
4956
4957
4958
4966
4967
4968
4969
4970
4971
4972
4973
4974
4975
4976
4977
4978
4987
4988
4989
4990
4991
4992
4993
4994
4999
5000
5001
5002
5007
5008
5009
5010
5015
5016
5017
5018
5019
5020
5021
5022
5023
5024
5025
5026
5035
5036
5037
5038
5039
5040
5041
5042
5047
5048
5049
5050
5062
5071
5072
5073
5074
5075
5076
5077
5078
5079
5080
5081
5082
5090
5091
5092
5093
5094
5095
5096
5097
5098
5099
5100
5101
5102
5106
5111
5112
5113
5114
5115
5116
5117
5118
5123
5124
5125
5126
5131
5132
5133
5134
5135
5136
5137
5138
5146
5147
5148
5149
5150
5155
5156
5157
5158
5159
5160
5161
5162
5170
5171
5172
5173
5174
5179
5180
5181
5182
5187
5188
5189
5190
5191
5192
5193
5194
5199
5200
5201
5202
5207
5208
5209
5210
5211
5212
5213
5214
5222
5223
5224
5225
5226
5239
5240
5241
5242
5243
5244
5245
5246
5251
5252
5253
5254
5259
5260
5261
5262
5267
5268
5269
5270
5275
5276
5277
5278
5284
