56
57
74
75
76
177
182
183
188
189
190
207
232
245
246
271
284
285
294
295
296
357
358
359
372
373
382
383
384
413
434
435
436
453
454
455
556
561
562
567
568
569
586
599
600
653
654
671
672
673
706
707
708
721
722
731
732
733
782
783
784
797
798
807
808
809
826
827
852
869
870
875
876
889
890
911
924
925
934
935
936
1010
1011
1028
1029
1030
1131
1136
1137
1142
1143
1144
1161
1186
1199
1200
1225
1238
1239
1248
1249
1250
1311
1312
1313
1326
1327
1336
1337
1338
1367
1388
1389
1390
1407
1408
1409
1510
1515
1516
1521
1522
1523
1540
1549
1602
1603
1620
1621
1622
1655
1656
1657
1670
1671
1680
1681
1682
1731
1732
1733
1746
1747
1756
1757
1758
1775
1776
1801
1818
1819
1824
1825
1838
1839
1860
1861
1862
1863
1864
1865
1870
1871
1872
1873
1882
1883
1884
1897
1898
1931
1932
1933
1946
1947
1956
1957
1958
1959
1960
1961
1962
1963
1964
1965
1966
1971
1972
1977
2022
2023
2024
2061
2062
2063
2080
2081
2090
2091
2092
2101
2102
2203
2208
2209
2214
2215
2216
2233
2258
2275
2276
2285
2286
2287
2296
2297
2322
2335
2336
2349
2350
2355
2356
2357
2423
2424
2425
2462
2463
2464
2477
2478
2579
2584
2585
2590
2591
2592
2609
2634
2647
2648
2673
2686
2687
2696
2697
2698
2704
2705
2706
2707
2708
2725
2726
2759
2760
2761
2778
2779
2780
2881
2886
2887
2892
2893
2894
2911
2924
2925
2978
2979
2996
2997
2998
3031
3032
3033
3046
3047
3056
3057
3058
3107
3108
3109
3122
3123
3132
3133
3134
3151
3152
3197
3198
3199
3212
3213
3226
3227
3232
3233
3234
3240
3241
3258
3259
3264
3265
3278
3279
3300
3313
3314
3323
3324
3325
3331
3332
3333
3334
3339
3340
3346
3355
3356
3357
3370
3371
3404
3405
3406
3419
3420
3429
3430
3431
3469
3470
3483
3484
3485
3486
3492
3493
3494
3495
3496
3497
3498
3499
3500
3506
3511
3512
3517
3562
3563
3564
3601
3602
3603
3616
3617
3718
3723
3724
3729
3730
3731
3748
3773
3790
3791
3800
3801
3802
3811
3812
3837
3850
3851
3860
3861
3862
3928
3929
3930
3947
3948
3957
3958
3959
3972
3973
3974
4075
4080
4081
4086
4087
4088
4105
4114
4147
4148
4149
4166
4167
4176
4177
4178
4187
4188
4221
4222
4223
4236
4237
4246
4247
4248
4290
4291
4292
4309
4310
4319
4320
4321
4330
4331
4364
4365
4366
4372
4373
4374
4375
4376
4393
4394
4399
4400
4405
4406
4428
4429
4434
4435
4440
4441
4458
4459
4464
4465
4470
4491
4492
4493
4510
4511
4520
4521
4522
4535
4536
4537
4570
4571
4572
4585
4586
4595
4596
4597
4603
4604
4605
4606
4607
4613
4614
4615
4616
4617
4618
4627
4628
4629
4630
4631
4632
4633
4634
4640
4641
4642
4643
4644
4645
4670
4671
4672
4673
4678
4679
4684
4685
4686
4711
4712
4717
4718
4727
4728
4733
4734
4743
4744
4749
4750
4763
4764
4769
4770
4775
4776
4793
4794
4799
4800
4805
4806
4807
4836
4837
4842
4843
4848
4849
4862
4863
4868
4869
4874
4875
4888
4889
4894
4895
4900
4901
4918
4919
4920
4929
4930
4931
4940
4941
4942
4948
4949
4983
4984
4985
4986
4991
4992
5009
5010
5015
5016
5025
5026
5031
5032
5041
5042
5047
5048
5065
5066
5067
5068
5081
5082
5087
5088
5093
5094
5123
5124
5125
5126
5131
5132
5149
5150
5155
5156
5165
5166
5171
5172
5181
5182
5187
5188
5205
5206
5207
5208
5221
5222
5227
5228
5233
5234
5235
5304
5305
5306
5319
5320
5329
5330
5331
5348
5349
5370
5371
5372
5385
5386
5395
5396
5397
5419
5420
5445
5446
5447
5460
5461
5462
5479
5480
5501
5502
5503
5504
5505
5510
5511
5516
5537
5538
5539
5552
5553
5566
5567
5572
5573
5574
5608
5609
5610
5611
5612
5637
5638
5643
5644
5669
5670
5679
5680
5681
5687
5688
5689
5702
5703
5712
5713
5714
5720
5725
5726
5731
5752
5753
5754
5767
5768
5777
5778
5779
5809
5810
5819
5820
5821
5827
5836
5837
5838
5839
5840
5841
5842
5844
5845
5846
5847
5848
5853
5854
5859
5860
5866
5867
5880
5881
5890
5891
5892
5909
5910
5923
5936
5937
5946
5947
5948
5970
5971
5988
6001
6002
6003
6020
6021
6034
6035
6036
6041
6042
6047
6060
6073
6074
6087
6088
6093
6094
6095
6117
6118
6155
6156
6165
6166
6167
6173
6174
6175
6188
6189
6198
6199
6200
6206
6211
6212
6217
6230
6243
6244
6253
6254
6255
6285
6286
6299
6300
6301
6302
6308
6309
6310
6311
6312
6313
6315
6316
6317
6318
6319
6324
6325
6330
6331
6337
6342
6343
6356
6357
6366
6367
6368
6385
6386
6407
6408
6409
6422
6423
6432
6433
6434
6456
6457
6482
6483
6484
6497
6498
6499
6516
6517
6538
6539
6540
6541
6542
6547
6548
6553
6574
6575
6576
6589
6590
6603
6604
6609
6610
6611
6633
6634
6675
6676
6689
6690
6699
6700
6701
6707
6708
6709
6710
6711
6724
6725
6734
6735
6736
6742
6747
6748
6753
6774
6775
6776
6789
6790
6799
6800
6801
6839
6840
6849
6850
6851
6857
6858
6859
6860
6861
6862
6863
6864
6866
6867
6868
6869
6870
6875
6876
6881
6882
6888
6889
6890
6891
6896
6897
6902
6903
6912
6913
6914
6915
6921
6922
6923
6924
6925
6926
6947
6948
6961
6962
6971
6972
6973
6979
6980
6981
6982
6983
7004
7005
7010
7011
7024
7025
7030
7031
7036
7037
7046
7047
7056
7057
7058
7075
7076
7081
7082
7087
7088
7114
7115
7120
7121
7134
7135
7140
7141
7146
7147
7156
7157
7166
7167
7168
7189
7190
7195
7196
7209
7210
7215
7216
7221
7222
7231
7232
7241
7242
7243
7244
7245
7246
7247
7248
7265
7266
7271
7272
7277
7278
7284
7285
7302
7303
7312
7313
7314
7323
7324
7333
7334
7335
7352
7353
7358
7359
7364
7365
7371
7372
7373
7374
7383
7384
7385
7391
7392
7393
7394
7395
7396
7397
7403
7404
7405
7406
7407
7408
7425
7426
7431
7432
7437
7438
7439
7468
7469
7474
7475
7480
7481
7494
7495
7500
7501
7506
7507
7520
7521
7526
7527
7532
7533
7550
7551
7552
7561
7562
7563
7572
7573
7574
7580
7581
7587
7608
7609
7614
7615
7620
7621
7630
7631
7632
7633
7639
7640
7641
7642
7643
7644
7645
7646
7647
7664
7665
7670
7671
7676
7677
7683
7684
7685
7686
7687
7704
7705
7710
7711
7716
7717
7723
7724
7725
7726
7735
7736
7737
7754
7755
7760
7761
7766
7767
7773
7774
7787
7788
7797
7798
7799
7816
7817
7822
7823
7828
7829
7859
7860
7869
7870
7871
7888
7889
7894
7895
7900
7901
7919
7920
7929
7930
7931
7932
7933
7934
7943
7944
7945
7958
7959
7968
7969
7970
7992
7993
8022
8023
8032
8033
8034
8043
8044
8053
8054
8055
8073
8074
8083
8084
8085
8086
8087
8088
8089
8090
8091
8097
8098
8099
8100
8101
8102
8107
8108
8113
8114
8120
8121
8122
8123
8124
8130
8131
8132
8133
8134
8140
8141
8142
8143
8144
8145
8146
8147
8153
8154
8160
8161
8167
8168
8169
8170
8171
8172
8173
8174
8175
8181
8182
8183
8184
8185
8191
8192
8198
8203
8204
8209
8210
8216
8217
8218
8219
8220
8221
8222
8228
8229
8235
8236
8242
8243
8244
8245
8246
8247
8248
8249
8250
8256
8257
8258
8259
8260
8266
8267
8268
8269
8270
8276
8277
8283
8284
8285
8286
8287
8288
8293
8294
8299
8300
8301
8302
8303
8304
8305
8322
8323
8328
8329
8334
8335
8341
8342
8343
8344
8345
8346
8363
8364
8369
8370
8375
8376
8377
8406
8407
8412
8413
8418
8419
8432
8433
8438
8439
8444
8445
8458
8459
8464
8465
8470
8471
8488
8489
8490
8499
8500
8501
8510
8511
8512
8518
8519
8525
8546
8547
8552
8553
8558
8559
8568
8569
8570
8571
8577
8578
8579
8580
8581
8582
8583
8584
8585
8602
8603
8608
8609
8614
8615
8621
8622
8623
8624
8625
8642
8643
8648
8649
8654
8655
8661
8662
8663
8664
8673
8674
8675
8681
8682
8699
8700
8705
8706
8711
8712
8718
8727
8728
8729
8735
8736
8738
8739
8740
8741
8742
8743
8748
8749
8754
8755
8757
8758
8759
8760
8761
8763
8764
8765
8766
8767
8768
8769
8770
8771
8772
8773
8774
8775
8776
8777
8778
8779
8780
8781
8782
8783
8784
8785
8786
8787
8788
8789
8790
8791
8792
8793
8794
8795
8796
8797
8798
8799
8800
8801
8802
8803
8804
8809
8810
8815
8816
8818
8819
8821
8822
8823
8824
8825
8826
8831
8832
8837
8838
8840
8841
8842
8843
8844
8846
8847
8848
8849
8850
8851
8852
8854
8855
8857
8858
8860
8861
8862
8863
8864
8865
8866
8867
8868
8870
8871
8872
8873
8874
8876
8877
8878
8879
8880
8881
8882
8883
8884
8885
8886
8887
8888
8889
8890
8891
8892
8893
8898
8899
8905
8906
8912
8917
8918
8923
8924
8930
8931
8932
8933
8934
8935
8940
8941
8946
8947
8953
8954
8955
8956
8957
8963
8964
8965
8966
8967
8973
8974
8975
8976
8977
8978
8979
8980
8986
8987
8993
8994
9000
9001
9002
9003
9004
9005
9006
9007
9008
9014
9015
9016
9017
9018
9024
9025
9026
9027
9028
9033
9034
9039
9040
9046
9047
9053
9054
9055
9056
9057
9058
9063
9064
9069
9070
9076
9077
9078
9079
9080
9086
9087
9088
9089
9090
9091
9092
9098
9099
9105
9106
9112
9113
9114
9115
9116
9117
9118
9119
9120
9126
9127
9128
9129
9130
9136
9137
9138
9139
9140
9146
9147
9153
9155
