50
51
84
85
94
95
96
145
146
155
156
157
174
175
196
197
230
231
240
241
242
318
351
352
361
362
363
412
413
422
423
424
441
442
463
464
477
478
479
480
500
501
506
507
512
513
514
519
520
525
570
571
584
585
614
615
628
629
634
635
636
728
729
762
763
772
773
774
823
824
833
834
835
852
853
898
899
932
933
942
943
944
952
953
954
955
956
957
958
959
960
961
962
963
964
965
966
967
968
969
970
971
976
977
978
979
980
981
982
990
991
992
993
994
995
996
997
998
999
1000
1001
1002
1003
1004
1005
1006
1007
1008
1009
1014
1015
1016
1017
1018
1019
1028
1029
1030
1038
1039
1040
1041
1042
1043
1044
1045
1046
1047
1048
1049
1050
1051
1052
1053
1054
1055
1056
1057
1062
1063
1064
1069
1070
1075
1120
1121
1154
1155
1164
1165
1166
1218
1219
1232
1233
1242
1243
1244
1245
1262
1263
1268
1269
1274
1275
1299
1300
1305
1306
1311
1312
1321
1322
1323
1324
1325
1326
1327
1336
1337
1338
1402
1403
1404
1417
1418
1423
1424
1425
1461
1462
1467
1468
1493
1494
1495
1520
1521
1526
1527
1532
1533
1546
1547
1552
1553
1558
1559
1588
1589
1590
1599
1600
1601
1633
1634
1635
1648
1649
1654
1655
1656
1696
1697
1702
1703
1728
1729
1730
1751
1752
1757
1758
1763
1764
1789
1790
1791
1804
1805
1810
1811
1812
1840
1841
1850
1851
1856
1857
1866
1867
1872
1873
1886
1887
1888
1889
1890
1891
1892
1893
1894
1895
1896
1897
1898
1899
1900
1901
1922
1923
1932
1933
1934
1951
1952
1973
1974
1983
1984
1985
2017
2018
2043
2044
2045
2062
2063
2068
2069
2074
2095
2096
2109
2110
2115
2116
2117
2153
2154
2179
2180
2181
2198
2199
2204
2205
2210
2231
2232
2245
2246
2251
2252
2253
2254
2255
2256
2257
2258
2259
2260
2261
2262
2263
2264
2265
2266
2267
2268
2269
2270
2271
2272
2273
2274
2275
2276
2277
2278
2279
2280
2281
2282
2283
2284
2285
2286
2287
2288
2289
2290
2291
2292
2293
2294
2295
2296
2297
2298
2299
2300
2301
2302
2303
2304
2305
2306
2307
2308
2309
2310
2311
2312
2313
2314
2319
2320
2321
2322
2323
2327
2328
2329
2330
2334
2335
2336
2337
2338
2339
2340
2341
2342
2343
2344
2345
2346
2347
2348
2349
2354
2355
2356
2361
2362
2367
2388
2389
2398
2399
2400
2408
2409
2410
2411
2412
2413
2414
2415
2416
2417
2418
2419
2420
2424
2425
2426
2427
2428
2429
2430
2431
2432
2449
2450
2455
2456
2461
2462
2463
2464
2473
2482
2491
2492
2493
2494
2495
2499
2500
2501
2502
2506
2507
2508
2509
2510
2511
2512
2513
2514
2515
2516
2517
2518
2519
2520
2521
2522
2523
2524
2525
2526
2527
2528
2529
2530
2531
2532
2533
2534
2535
2536
2537
2538
2539
2540
2541
2542
2543
2547
2548
2549
2550
2554
2555
2556
2557
2558
2559
2560
2561
2562
2579
2580
2581
2582
2587
2588
2589
2590
2591
2592
2593
2594
2595
2596
2597
2598
2599
2600
2601
2602
2603
2604
2605
2606
2607
2624
2625
2630
2631
2636
2637
2645
2646
2647
2648
2649
2650
2651
2652
2653
2654
2655
2656
2657
2658
2659
2668
2669
2670
2698
2699
2708
2709
2710
2726
2727
2732
2733
2734
2735
2736
2737
2738
2739
2740
2741
2742
2743
2744
2745
2746
2747
2751
2752
2753
2754
2755
2756
2761
2762
2767
2768
2772
2773
2774
2775
2776
2780
2781
2782
2783
2784
2785
2789
2790
2791
2792
2793
2794
2795
2796
2797
2802
2803
2804
2805
2806
2807
2808
2809
2826
2827
2832
2833
2838
2839
2855
2856
2857
2858
2859
2860
2861
2870
2871
2872
2880
2881
2882
2886
2887
2888
2889
2890
2891
2896
2897
2902
2903
2907
2908
2909
2910
2911
2915
2916
2917
2918
2919
2920
2924
2925
2926
2927
2928
2932
2937
2938
2939
2940
2941
2942
2943
2947
2952
2953
2958
2959
2963
2964
2965
2966
2967
2968
2973
2974
2979
2980
2984
2985
2986
2987
2988
2992
2993
2994
2995
2996
2997
3001
3003
