6
11
16
21
26
31
36
41
46
51
56
61
66
71
76
78
79
80
81
82
83
84
85
86
87
91
96
101
106
111
116
121
126
196
201
202
207
208
209
218
219
220
221
222
223
224
225
226
227
228
229
230
231
232
233
234
235
236
237
238
239
240
241
242
246
251
256
261
266
271
276
281
283
284
285
286
287
288
289
290
291
292
296
301
306
311
316
321
326
331
333
334
335
336
337
341
346
351
356
361
366
371
376
381
386
391
396
401
406
411
416
421
426
431
433
434
435
436
437
441
446
451
456
461
466
471
476
481
486
491
496
501
506
511
516
518
519
520
521
522
523
524
525
526
527
531
536
541
546
551
556
561
566
636
641
642
647
648
649
658
659
660
661
662
663
664
665
666
667
668
669
670
671
672
673
674
675
676
677
678
679
680
681
682
686
691
696
701
706
711
716
721
726
728
729
730
731
732
733
734
735
736
737
741
746
751
756
761
766
771
776
781
786
791
796
798
799
800
801
802
806
811
816
821
826
831
836
841
846
851
856
861
866
871
876
881
883
884
885
886
887
891
896
901
906
911
916
921
926
931
936
941
946
951
956
958
959
960
961
962
963
964
965
966
967
968
969
970
971
972
976
981
986
991
996
1001
1006
1011
1016
1021
1026
1028
1029
1030
1031
1032
1036
1041
1046
1051
1056
1061
1066
1068
1069
1070
1071
1072
1076
1081
1086
1091
1096
1101
1106
1111
1116
1121
1123
1124
1125
1126
1127
1131
1136
1141
1146
1151
1156
1161
1166
1171
1176
1181
1186
1191
1196
1201
1206
1211
1213
1214
1215
1216
1217
1218
1219
1220
1221
1222
1226
1231
1236
1241
1246
1251
1256
1261
1263
1264
1265
1266
1267
1271
1276
1281
1283
1284
1285
1286
1287
1291
1296
1301
1306
1311
1316
1321
1326
1396
1401
1402
1407
1408
1409
1418
1419
1420
1421
1422
1423
1424
1425
1426
1427
1428
1429
1430
1431
1432
1433
1434
1435
1436
1437
1438
1439
1440
1441
1442
1446
1451
1456
1461
1466
1471
1476
1481
1486
1488
1489
1490
1491
1492
1496
1501
1506
1508
1509
1510
1511
1512
1513
1514
1515
1516
1517
1521
1526
1531
1536
1541
1546
1551
1556
1558
1559
1560
1561
1562
1566
1571
1576
1581
1586
1591
1596
1601
1606
1611
1616
1621
1623
1624
1625
1626
1627
1631
1636
1641
1646
1651
1656
1661
1666
1671
1676
1681
1683
1684
1685
1686
1687
1691
1696
1701
1706
1711
1716
1721
1726
1728
1729
1730
1731
1732
1733
1734
1735
1736
1737
1738
1739
1740
1741
1742
1743
1744
1745
1746
1747
1748
1749
1750
1751
1752
1753
1754
1755
1756
1757
1758
1759
1760
1761
1762
1763
1780
1781
1786
1787
1792
1793
1794
1819
1820
1825
1826
1835
1836
1841
1842
1851
1852
1857
1858
1871
1872
1877
1878
1883
1884
1901
1902
1907
1908
1913
1914
1915
1939
1946
1954
1960
1961
1976
1984
1990
1991
2006
2014
2020
2021
2040
2042
2053
2055
2066
2068
2069
2070
2071
2072
2073
2089
2096
2101
2106
2111
2116
2121
2126
2131
2136
2141
2146
2151
2156
2161
2166
2168
2169
2170
2171
2172
2176
2181
2186
2191
2196
2201
2206
2211
2216
2221
2226
2231
2236
2238
2239
2240
2241
2242
2246
2251
2256
2261
2266
2271
2276
2281
2286
2291
2296
2298
2299
2300
2301
2302
2306
2311
2316
2321
2323
2324
2325
2326
2327
2331
2336
2341
2346
2351
2356
2361
2366
2371
2376
2381
2383
2384
2385
2386
2387
2391
2396
2401
2406
2411
2416
2421
2426
2431
2433
2434
2435
2436
2437
2441
2446
2451
2456
2461
2463
2464
2465
2466
2467
2471
2476
2481
2486
2491
2496
2501
2506
2511
2516
2521
2526
2531
2533
2534
2535
2536
2537
2541
2546
2551
2556
2561
2566
2571
2576
2581
2586
2591
2593
2594
2595
2596
2597
2601
2606
2614
2620
2621
2632
2634
2635
2636
2637
2638
2639
2640
2641
2646
2651
2656
2658
2659
2660
2661
2662
2663
2664
2665
2666
2667
2671
2676
2681
2686
2691
2696
2701
2703
2704
2705
2706
2707
2711
2716
2721
2726
2731
2736
2741
2746
2751
2756
2761
2766
2771
2776
2781
2786
2791
2796
2798
2799
2800
2801
2802
2806
2811
2816
2821
2826
2831
2836
2841
2846
2851
2856
2861
2863
2864
2865
2866
2867
2871
2876
2881
2886
2891
2893
2894
2895
2896
2897
2898
2899
2900
2901
2902
2903
2904
2905
2906
2907
2908
2909
2910
2911
2912
2917
2922
2927
2932
2934
2935
2936
2937
2938
2939
2940
2941
2942
2943
2944
2945
2946
2947
2948
2949
2950
2951
2952
2953
2954
3007
3008
3017
3018
3019
3020
3021
3022
3023
3024
3025
3026
3027
3128
3133
3134
3139
3140
3141
3150
3151
3152
3153
3154
3155
3156
3157
3158
3159
3160
3161
3162
3163
3164
3165
3166
3167
3168
3169
3170
3183
3192
3193
3194
3195
3196
3197
3222
3231
3232
3233
3234
3235
3236
3245
3246
3247
3308
3309
3310
3319
3320
3321
3322
3323
3324
3333
3334
3335
3364
3385
3386
3387
3396
3397
3398
3399
3400
3401
3402
3403
3404
3405
3406
3507
3512
3513
3518
3519
3520
3529
3530
3531
3532
3533
3534
3535
3536
3537
3538
3539
3540
3541
3542
3543
3544
3545
3546
3547
3548
3549
3550
3551
3552
3553
3554
3555
3556
3557
3558
3559
3560
3561
3562
3563
3604
3605
3614
3615
3616
3617
3618
3619
3620
3621
3622
3623
3624
3657
3658
3659
3668
3669
3670
3671
3672
3673
3682
3683
3684
3733
3734
3735
3744
3745
3746
3747
3748
3749
3758
3759
3760
3777
3778
3803
3812
3813
3814
3815
3816
3817
3818
3819
3820
3821
3826
3827
3840
3841
3862
3871
3872
3873
3874
3875
3876
3885
3886
3887
3888
3889
3890
3891
3892
3897
3898
3899
3900
3909
3910
3911
3920
3921
3922
3923
3924
3925
3958
3959
3960
3969
3970
3971
3972
3973
3974
3983
3984
3985
3986
3987
3988
3989
3990
3991
3992
3993
3998
3999
4004
4049
4050
4051
4060
4061
4062
4063
4064
4065
4066
4067
4088
4089
4090
4103
4104
4105
4106
4107
4108
4117
4118
4119
4124
4125
4126
4127
4128
4129
4230
4235
4236
4241
4242
4243
4252
4253
4254
4255
4256
4257
4258
4259
4260
4261
4262
4263
4264
4265
4266
4267
4268
4269
4270
4271
4272
4285
4298
4299
4300
4301
4302
4303
4312
4313
4314
4319
4320
4321
4322
4323
4324
4349
4358
4359
4360
4361
4362
4363
4372
4373
4374
4375
4376
4377
4378
4379
4380
4397
4398
4403
4404
4409
4410
4411
4412
4413
4414
4415
4416
4417
4418
4419
4420
4421
4422
4423
4424
4425
4426
4447
4448
4449
4462
4463
4464
4465
4466
4467
4476
4477
4478
4483
4484
4485
4486
4487
4488
4521
4522
4523
4532
4533
4534
4535
4536
4537
4546
4547
4548
4549
4550
4551
4552
4553
4554
4571
4572
4577
4578
4583
4584
4585
4586
4587
4588
4589
4590
4591
4608
4609
4610
4611
4612
4613
4614
4615
4616
4617
4618
4619
4624
4625
4630
4631
4632
4657
4658
4663
4664
4673
4674
4679
4680
4689
4690
4695
4696
4709
4710
4715
4716
4721
4722
4739
4740
4745
4746
4751
4752
4753
4782
4783
4788
4789
4794
4795
4808
4809
4814
4815
4820
4821
4834
4835
4840
4841
4846
4847
4864
4865
4866
4875
4876
4877
4886
4887
4888
4889
4890
4891
4892
4893
4962
4963
4964
4973
4974
4975
4976
4977
4978
4987
4988
4989
5006
5007
5028
5029
5030
5039
5040
5041
5042
5043
5044
5053
5054
5055
5056
5057
5062
5063
5068
5089
5090
5091
5100
5101
5102
5103
5104
5105
5114
5115
5116
5117
5118
5119
5120
5121
5122
5131
5132
5133
5134
5135
5136
5145
5146
5147
5164
5165
5178
5187
5188
5189
5190
5191
5192
5201
5202
5203
5204
5205
5210
5211
5216
5229
5238
5239
5240
5241
5242
5243
5252
5253
5254
5255
5256
5257
5258
5259
5264
5265
5274
5275
5276
5277
5278
5279
5288
5289
5290
5307
5308
5329
5330
5331
5340
5341
5342
5343
5344
5345
5354
5355
5356
5357
5358
5363
5364
5369
5390
5391
5392
5401
5402
5403
5404
5405
5406
5415
5416
5417
5418
5419
5420
5421
5422
5423
5424
5425
5430
5431
5436
5437
5446
5447
5448
5449
5450
5451
5452
5453
5454
5455
5523
5524
5525
5526
5527
5528
5529
5530
5531
5562
5563
5564
5565
5566
5567
5568
5569
5570
5571
5572
5573
5625
5626
5627
5628
5629
5630
5631
5632
5633
5664
5665
5666
5667
5668
5669
5670
5671
5672
5673
5674
5675
5676
5677
5678
5679
5680
5681
5682
5683
5684
5685
5686
5687
5688
5689
5690
5691
5692
5693
5694
5695
5696
5697
5698
5699
5700
5701
5702
5703
5704
5705
5706
5707
5708
5760
5761
5762
5763
5764
5765
5766
5767
5768
5799
5800
5801
5802
5803
5804
5805
5806
5807
5808
5809
5810
5811
5812
5813
5826
5827
5828
5841
5842
5843
5844
5845
5846
5847
5848
5849
5850
5855
5856
5869
5870
5875
5876
5881
5882
5887
5888
5889
5890
5891
5892
5901
5902
5903
5920
5921
5926
5927
5932
5933
5934
5935
5936
5937
5938
5939
5956
5957
5962
5963
5968
5969
5970
5971
5972
5973
5974
5983
5984
5985
5986
5987
5988
5997
5998
5999
6000
6001
6002
6011
6012
6013
6030
6031
6036
6037
6042
6043
6044
6045
6054
6055
6056
6065
6066
6067
6068
6069
6070
6079
6080
6081
6082
6083
6084
6085
6086
6087
6088
6089
6090
6091
6096
6097
6102
6103
6104
6105
6106
6107
6108
6109
6110
6111
6112
6113
6114
6115
6116
6117
6118
6119
6120
6121
6122
6123
6124
6125
6126
6127
6128
6129
6130
6131
6132
6133
6134
6135
6136
6138
6139
6140
6141
6142
6143
6144
6145
6146
6147
6148
6149
6150
6151
6152
6157
6158
6163
6164
6165
6166
6167
6168
6169
6170
6171
6172
6173
6174
6179
6180
6185
6186
6187
6188
6189
6190
6191
6192
6193
6194
6195
6196
6197
6198
6199
6200
6201
6202
6203
6204
6205
6206
6207
6208
6209
6210
6211
6212
6214
6215
6216
6217
6218
6219
6220
6221
6222
6223
6224
6225
6226
6227
6228
6229
6230
6231
6232
6233
6235
