6
11
16
21
26
31
36
41
46
51
56
61
66
71
76
81
86
91
96
101
106
111
116
121
126
196
201
202
207
208
209
229
236
241
246
251
256
261
266
271
276
281
286
291
296
301
306
311
316
321
326
331
336
341
346
351
356
361
366
371
376
381
386
391
396
401
406
411
416
421
426
431
436
441
446
451
456
461
466
471
476
481
486
491
496
501
506
511
516
521
526
531
536
541
546
551
556
561
566
636
641
642
647
648
649
676
681
686
691
696
698
699
700
701
702
703
704
705
706
707
708
709
710
711
712
713
714
715
716
717
721
726
731
736
741
746
751
756
761
766
771
776
778
779
780
781
782
783
784
785
786
787
791
796
801
806
811
816
821
826
831
836
841
846
851
856
861
863
864
865
866
867
868
869
870
871
872
876
881
886
891
896
901
906
911
916
921
926
931
936
941
946
951
956
961
966
971
976
981
986
991
996
1001
1006
1011
1016
1021
1026
1031
1036
1041
1046
1048
1049
1050
1051
1052
1053
1054
1055
1056
1057
1061
1066
1071
1076
1081
1086
1091
1096
1101
1103
1104
1105
1106
1107
1108
1109
1110
1111
1112
1116
1121
1126
1131
1136
1141
1146
1151
1156
1161
1166
1171
1176
1181
1186
1191
1196
1201
1206
1211
1216
1221
1226
1231
1236
1241
1246
1251
1256
1261
1266
1271
1276
1281
1286
1291
1296
1301
1306
1311
1316
1321
1326
1396
1401
1402
1407
1408
1409
1436
1441
1446
1451
1456
1461
1466
1471
1476
1481
1486
1491
1496
1501
1506
1511
1516
1521
1526
1531
1536
1541
1546
1551
1556
1561
1566
1571
1576
1581
1586
1591
1596
1601
1603
1604
1605
1606
1607
1608
1609
1610
1611
1612
1616
1621
1626
1631
1636
1641
1646
1651
1656
1661
1663
1664
1665
1666
1667
1668
1669
1670
1671
1672
1676
1681
1686
1691
1696
1701
1706
1711
1716
1721
1726
1734
1739
1744
1752
1757
1762
1780
1781
1786
1787
1792
1793
1794
1819
1820
1825
1826
1835
1836
1841
1842
1851
1852
1857
1858
1871
1872
1877
1878
1883
1884
1901
1902
1907
1908
1913
1914
1915
1939
1946
1954
1960
1961
1976
1984
1990
1991
2006
2014
2020
2021
2040
2042
2053
2055
2066
2068
2069
2070
2071
2072
2073
2074
2075
2076
2077
2078
2079
2080
2081
2082
2083
2084
2085
2086
2087
2088
2089
2090
2091
2092
2093
2094
2095
2096
2097
2098
2099
2100
2101
2102
2106
2111
2116
2121
2126
2131
2136
2141
2143
2144
2145
2146
2147
2148
2149
2150
2151
2152
2153
2154
2155
2156
2157
2161
2166
2171
2176
2181
2186
2191
2196
2201
2206
2211
2213
2214
2215
2216
2217
2218
2219
2220
2221
2222
2223
2224
2225
2226
2227
2231
2236
2241
2246
2251
2256
2261
2266
2271
2273
2274
2275
2276
2277
2278
2279
2280
2281
2282
2283
2284
2285
2286
2287
2291
2296
2301
2306
2311
2316
2321
2326
2331
2336
2341
2346
2351
2356
2361
2366
2371
2376
2381
2386
2391
2396
2401
2406
2411
2416
2421
2426
2431
2436
2441
2446
2448
2449
2450
2451
2452
2456
2461
2466
2471
2476
2481
2486
2491
2496
2501
2506
2511
2513
2514
2515
2516
2517
2518
2519
2520
2521
2522
2526
2531
2536
2541
2546
2551
2556
2561
2566
2571
2573
2574
2575
2576
2577
2578
2579
2580
2581
2582
2586
2591
2596
2601
2606
2608
2609
2610
2611
2612
2613
2614
2615
2616
2617
2618
2619
2620
2621
2622
2623
2624
2625
2626
2627
2628
2629
2630
2631
2632
2633
2634
2635
2636
2637
2638
2639
2640
2641
2646
2651
2656
2661
2666
2671
2676
2681
2686
2691
2696
2701
2706
2711
2716
2721
2726
2731
2736
2741
2746
2751
2756
2761
2766
2771
2776
2781
2786
2791
2796
2801
2806
2811
2816
2821
2826
2831
2836
2841
2843
2844
2845
2846
2847
2848
2849
2850
2851
2852
2856
2861
2866
2871
2876
2881
2886
2891
2899
2900
2901
2902
2903
2904
2905
2906
2907
2908
2909
2910
2911
2912
2917
2922
2927
2932
2940
2941
2942
2943
2944
2945
2946
2947
2948
2949
2950
2951
2952
2953
2954
3007
3008
3025
3026
3027
3128
3133
3134
3139
3140
3141
3158
3183
3196
3197
3222
3235
3236
3245
3246
3247
3308
3309
3310
3323
3324
3333
3334
3335
3364
3385
3386
3387
3404
3405
3406
3507
3512
3513
3518
3519
3520
3537
3550
3551
3576
3577
3578
3579
3580
3581
3582
3583
3584
3585
3586
3587
3600
3601
3602
3603
3604
3605
3622
3623
3624
3649
3650
3651
3652
3653
3654
3655
3656
3657
3658
3659
3672
3673
3682
3683
3684
3725
3726
3727
3728
3729
3730
3731
3732
3733
3734
3735
3748
3749
3758
3759
3760
3777
3778
3803
3820
3821
3826
3827
3840
3841
3862
3875
3876
3885
3886
3887
3888
3889
3890
3891
3892
3897
3898
3899
3900
3901
3902
3903
3904
3905
3906
3907
3908
3909
3910
3911
3924
3925
3950
3951
3952
3953
3954
3955
3956
3957
3958
3959
3960
3973
3974
3983
3984
3985
3986
3987
3988
3989
3990
3991
3992
3993
3998
3999
4004
4049
4050
4051
4088
4089
4090
4107
4108
4117
4118
4119
4128
4129
4230
4235
4236
4241
4242
4243
4260
4285
4302
4303
4312
4313
4314
4323
4324
4349
4362
4363
4372
4373
4374
4375
4376
4377
4378
4379
4380
4397
4398
4403
4404
4409
4410
4411
4412
4413
4414
4439
4440
4441
4442
4443
4444
4445
4446
4447
4448
4449
4466
4467
4476
4477
4478
4487
4488
4513
4514
4515
4516
4517
4518
4519
4520
4521
4522
4523
4536
4537
4546
4547
4548
4549
4550
4551
4552
4553
4554
4571
4572
4577
4578
4583
4584
4585
4586
4587
4588
4589
4590
4591
4616
4617
4618
4619
4624
4625
4630
4631
4632
4657
4658
4663
4664
4673
4674
4679
4680
4689
4690
4695
4696
4709
4710
4715
4716
4721
4722
4739
4740
4745
4746
4751
4752
4753
4782
4783
4788
4789
4794
4795
4808
4809
4814
4815
4820
4821
4834
4835
4840
4841
4846
4847
4864
4865
4866
4875
4876
4877
4886
4887
4888
4889
4890
4891
4892
4893
4894
4895
4896
4897
4898
4899
4900
4901
4902
4903
4904
4905
4906
4907
4908
4909
4910
4911
4912
4913
4914
4915
4916
4917
4950
4951
4952
4953
4954
4955
4956
4957
4958
4959
4960
4961
4962
4963
4964
4977
4978
4987
4988
4989
5006
5007
5016
5017
5018
5019
5020
5021
5022
5023
5024
5025
5026
5027
5028
5029
5030
5043
5044
5053
5054
5055
5056
5057
5062
5063
5068
5077
5078
5079
5080
5081
5082
5083
5084
5085
5086
5087
5088
5089
5090
5091
5104
5105
5114
5115
5116
5117
5118
5119
5120
5121
5122
5135
5136
5145
5146
5147
5164
5165
5178
5191
5192
5201
5202
5203
5204
5205
5210
5211
5216
5229
5242
5243
5252
5253
5254
5255
5256
5257
5258
5259
5260
5261
5262
5263
5264
5265
5278
5279
5288
5289
5290
5307
5308
5321
5322
5323
5324
5325
5326
5327
5328
5329
5330
5331
5344
5345
5354
5355
5356
5357
5358
5363
5364
5369
5382
5383
5384
5385
5386
5387
5388
5389
5390
5391
5392
5405
5406
5415
5416
5417
5418
5419
5420
5421
5422
5423
5424
5425
5426
5427
5428
5429
5430
5431
5432
5433
5434
5435
5436
5437
5438
5439
5440
5441
5442
5443
5444
5445
5446
5447
5448
5449
5450
5451
5452
5453
5454
5455
5520
5521
5522
5523
5524
5525
5526
5527
5528
5529
5530
5531
5532
5533
5534
5535
5536
5537
5562
5563
5564
5565
5566
5567
5568
5569
5570
5571
5572
5573
5622
5623
5624
5625
5626
5627
5628
5629
5630
5631
5632
5633
5634
5635
5636
5637
5638
5639
5664
5665
5666
5667
5668
5669
5670
5671
5672
5673
5674
5675
5676
5677
5678
5679
5680
5681
5682
5683
5684
5685
5686
5687
5688
5689
5690
5691
5692
5693
5694
5695
5696
5697
5698
5699
5700
5701
5702
5703
5704
5705
5706
5707
5708
5757
5758
5759
5760
5761
5762
5763
5764
5765
5766
5767
5768
5769
5770
5771
5772
5773
5774
5799
5800
5801
5802
5803
5804
5805
5806
5807
5808
5809
5810
5811
5812
5813
5826
5827
5828
5849
5850
5855
5856
5869
5870
5875
5876
5881
5882
5891
5892
5901
5902
5903
5920
5921
5926
5927
5932
5933
5934
5935
5936
5937
5938
5939
5956
5957
5962
5963
5968
5969
5970
5971
5972
5973
5974
5983
5984
5985
5986
5987
5988
6001
6002
6011
6012
6013
6030
6031
6036
6037
6042
6043
6044
6045
6046
6047
6048
6049
6050
6051
6052
6053
6054
6055
6056
6069
6070
6079
6080
6081
6082
6083
6084
6085
6086
6087
6088
6089
6090
6091
6096
6097
6102
6103
6104
6105
6106
6107
6108
6109
6110
6111
6112
6113
6114
6115
6116
6117
6118
6119
6120
6121
6122
6123
6124
6125
6126
6127
6128
6129
6130
6131
6132
6133
6134
6135
6136
6138
6139
6140
6141
6142
6143
6144
6145
6146
6147
6148
6149
6150
6151
6152
6157
6158
6163
6164
6165
6166
6167
6168
6169
6170
6171
6172
6173
6174
6179
6180
6185
6186
6187
6188
6189
6190
6191
6192
6193
6194
6195
6196
6197
6198
6199
6200
6201
6202
6203
6204
6205
6206
6207
6208
6209
6210
6211
6212
6214
6215
6216
6217
6218
6219
6220
6221
6222
6223
6224
6225
6226
6227
6228
6229
6230
6231
6232
6233
6235
