52
53
54
55
56
57
74
75
76
77
78
79
80
81
82
183
184
185
190
191
192
193
194
195
200
201
202
203
204
205
206
207
208
225
226
227
252
253
254
267
268
269
270
271
272
297
298
299
312
313
314
315
316
317
326
327
328
329
330
331
332
333
334
343
344
345
346
347
348
349
350
351
352
353
354
355
356
357
358
359
360
361
362
383
384
385
386
387
388
389
390
395
396
397
398
399
400
401
402
403
416
417
418
419
420
421
430
431
432
433
434
435
436
437
438
447
448
449
450
451
452
453
454
455
456
457
458
459
460
461
462
463
464
465
466
467
468
469
478
479
480
481
482
483
484
485
491
505
506
507
508
509
510
511
512
513
514
551
552
553
566
567
668
673
674
679
680
681
698
723
736
737
762
775
776
785
786
787
792
793
794
795
796
797
798
799
820
821
822
823
824
825
826
827
832
833
834
871
872
873
886
887
988
993
994
999
1000
1001
1018
1043
1056
1057
1082
1095
1096
1105
1106
1107
1108
1109
1110
1111
1112
1113
1118
1119
1120
1121
1122
1123
1124
1125
1126
1127
1152
1153
1154
1155
1156
1157
1158
1159
1160
1161
1162
1175
1176
1201
1202
1203
1204
1205
1206
1207
1208
1209
1210
1211
1224
1225
1234
1235
1236
1241
1242
1243
1244
1245
1246
1247
1248
1261
1262
1263
1264
1265
1266
1267
1268
1269
1270
1271
1284
1285
1294
1295
1296
1301
1302
1303
1304
1305
1306
1307
1308
1309
1310
1311
1312
1313
1314
1315
1316
1317
1322
1323
1324
1325
1326
1327
1328
1329
1330
1331
1332
1333
1334
1343
1344
1345
1362
1363
1368
1369
1374
1375
1384
1385
1386
1399
1400
1401
1402
1403
1404
1405
1406
1407
1408
1409
1410
1411
1412
1413
1414
1415
1416
1417
1418
1419
1420
1421
1422
1423
1424
1425
1426
1427
1428
1429
1430
1431
1432
1433
1434
1435
1436
1437
1438
1439
1440
1441
1442
1443
1444
1445
1446
1447
1448
1449
1450
1451
1452
1453
1454
1455
1456
1457
1490
1491
1492
1493
1494
1495
1496
1497
1498
1499
1500
1501
1502
1503
1504
1517
1518
1527
1528
1529
1534
1535
1536
1537
1538
1539
1540
1541
1542
1555
1556
1565
1566
1567
1572
1573
1574
1575
1576
1577
1578
1579
1580
1581
1582
1583
1584
1585
1598
1599
1608
1609
1610
1615
1616
1617
1618
1619
1620
1621
1622
1623
1624
1625
1626
1627
1628
1629
1630
1631
1632
1633
1703
1708
1709
1714
1715
1716
1721
1722
1723
1724
1725
1726
1727
1728
1729
1730
1731
1732
1733
1734
1735
1736
1737
1738
1739
1740
1741
1742
1743
1744
1745
1746
1747
1748
1749
1750
1767
1768
1773
1774
1779
1780
1789
1790
1791
1804
1805
1806
1807
1808
1809
1810
1811
1812
1813
1814
1815
1816
1817
1818
1819
1820
1821
1831
1832
1833
1834
1835
1836
1837
1838
1839
1840
1841
1842
1843
1844
1845
1846
1847
1848
1849
1850
1851
1852
1853
1854
1855
1856
1857
1910
1911
1916
1917
1922
1923
1924
1937
1938
1939
1940
1941
1942
1943
1944
1945
1946
1947
1948
1949
1950
1951
1952
1953
1954
2024
2025
2030
2031
2036
2037
2038
2043
2044
2045
2046
2047
2048
2049
2050
2051
2052
2053
2054
2055
2056
2057
2058
2059
2060
2061
2062
2063
2064
2065
2066
2067
2068
2069
2070
2071
2072
2089
2090
2095
2096
2101
2102
2111
2112
2113
2119
2120
2126
2127
2128
2129
2130
2131
2132
2133
2134
2135
2136
2137
2143
2144
2145
2146
2147
2148
2149
2150
2151
2152
2153
2154
2155
2156
2157
2158
2159
2160
2161
2162
2163
2180
2181
2186
2187
2192
2193
2199
2200
2201
2202
2203
2204
2205
2206
2207
2208
2209
2210
2216
2217
2218
2219
2228
2229
2230
2231
2232
2238
2239
2240
2241
2242
2243
2244
2245
2246
2247
2248
2249
2255
2256
2257
2258
2259
2272
2273
2274
2287
2288
2289
2290
2291
2292
2305
2306
2315
2316
2317
2322
2323
2324
2325
2326
2327
2328
2329
2330
2331
2332
2333
2338
2339
2340
2341
2342
2343
2344
2345
2346
2347
2348
2357
2358
2359
2364
2365
2366
2367
2368
2369
2370
2371
2372
2385
2386
2395
2396
2397
2402
2403
2404
2405
2406
2407
2408
2409
2410
2411
2412
2413
2414
2415
2416
2417
2418
2419
2420
2421
2422
2447
2448
2449
2450
2451
2452
2453
2454
2455
2456
2457
2470
2471
2496
2497
2498
2499
2500
2501
2502
2503
2504
2505
2506
2519
2520
2529
2530
2531
2532
2533
2534
2535
2536
2537
2538
2539
2540
2541
2542
2543
2544
2553
2554
2555
2572
2573
2578
2579
2584
2585
2594
2595
2596
2597
2598
2599
2600
2601
2602
2603
2604
2605
2606
2607
2608
2609
2610
2611
2612
2613
2614
2615
2616
2617
2650
2651
2652
2653
2654
2655
2656
2657
2658
2659
2660
2661
2662
2663
2664
2677
2678
2687
2688
2689
2690
2691
2692
2705
2706
2715
2716
2717
2718
2719
2720
2721
2722
2723
2724
2725
2738
2739
2748
2749
2750
2751
2752
2753
2754
2755
2756
2757
2758
2759
2760
2761
2762
2763
2833
2838
2839
2844
2845
2846
2851
2852
2853
2854
2855
2856
2857
2858
2859
2860
2861
2862
2863
2864
2865
2866
2867
2868
2869
2870
2871
2872
2873
2874
2875
2876
2877
2878
2879
2880
2897
2898
2903
2904
2909
2910
2919
2920
2921
2931
2932
2933
2934
2935
2936
2937
2938
2939
2940
2941
2942
2943
2944
2945
2946
2947
2948
2949
2950
2951
2952
2953
2954
2955
2956
2957
3010
3011
3016
3017
3022
3023
3024
3026
3027
3044
3045
3050
3051
3056
3057
3059
3060
3061
3062
3063
3064
3065
3066
3067
3068
3069
3070
3072
3073
3074
3075
3084
3085
3086
3091
3092
3093
3094
3095
3096
3097
3098
3099
3100
3101
3102
3103
3104
3105
3106
3107
3108
3109
3110
3111
3112
3113
3114
3115
3116
3117
3170
3171
3176
3177
3182
3183
3184
3190
3191
3208
3209
3214
3215
3220
3221
3227
3228
3229
3230
3231
3232
3233
3234
3235
3236
3237
3238
3244
3245
3246
3247
3256
3257
3258
3259
3260
3266
3267
3268
3269
3270
3271
3272
3273
3274
3275
3276
3277
3283
3284
3285
3286
3287
3300
3301
3302
3315
3316
3317
3318
3319
3320
3333
3334
3343
3344
3345
3346
3347
3348
3349
3350
3351
3352
3353
3354
3355
3356
3365
3366
3367
3368
3369
3370
3371
3372
3373
3374
3375
3376
3394
3397
3400
3503
3510
3513
3520
3523
3526
3545
3560
3563
3589
3590
3591
3592
3593
3594
3595
3596
3597
3598
3599
3600
3613
3614
3615
3616
3617
3618
3619
3620
3621
3622
3639
3640
3641
3642
3643
3644
3645
3646
3647
3672
3673
3674
3675
3676
3677
3678
3679
3680
3681
3682
3683
3684
3685
3686
3687
3688
3701
3702
3703
3704
3705
3706
3715
3716
3717
3718
3719
3720
3721
3722
3723
3732
3733
3734
3735
3736
3737
3738
3739
3740
3741
3742
3743
3744
3745
3746
3747
3748
3749
3750
3751
3764
3765
3766
3767
3768
3769
3770
3771
3772
3773
3774
3775
3776
3777
3778
3779
3780
3793
3794
3795
3796
3797
3798
3807
3808
3809
3810
3811
3812
3813
3814
3815
3824
3825
3826
3827
3828
3829
3830
3831
3832
3833
3834
3835
3836
3837
3838
3839
3840
3841
3842
3868
3894
3895
3904
3905
3906
3907
3908
3909
3926
3927
3928
3930
3936
3937
3938
3940
3954
3955
3956
3957
3958
3959
3981
3996
3999
4010
4013
4016
4019
4022
4025
4028
4031
4037
4038
4039
4041
4044
4047
4049
4050
4051
4052
4053
4054
4055
4056
4057
4058
4059
4060
4061
4062
4063
4076
4077
4078
4079
4080
4081
4094
4095
4104
4105
4106
4107
4108
4109
4110
4111
4112
4114
4129
4132
4158
4159
4160
4161
4162
4163
4164
4165
4166
4167
4168
4169
4170
4171
4173
4188
4191
4202
4205
4208
4211
4214
4217
4220
4223
4226
4229
4232
4238
4239
4240
4242
4248
4249
4250
4251
4252
4253
4254
4255
4288
4289
4290
4291
4292
4293
4294
4295
4300
4301
4302
4303
4304
4305
4306
4307
4308
4345
4346
4347
4348
4349
4350
4351
4352
4353
4371
4374
4385
4388
4391
4401
4402
4403
4404
4405
4406
4507
4508
4509
4514
4515
4516
4517
4518
4519
4524
4525
4526
4527
4528
4529
4530
4531
4532
4549
4550
4551
4576
4577
4578
4596
4599
4610
4613
4616
4626
4627
4628
4629
4630
4631
4656
4657
4658
4671
4672
4673
4674
4675
4676
4685
4686
4687
4688
4689
4690
4691
4692
4693
4694
4695
4696
4697
4698
4699
4700
4701
4702
4703
4704
4705
4706
4707
4708
4709
4710
4711
4720
4721
4722
4723
4724
4725
4726
4727
4728
4729
4730
4731
4732
4733
4734
4735
4736
4737
4738
4743
4744
4745
4747
4753
4754
4755
4756
4757
4758
4759
4760
4761
4762
4763
4764
4765
4766
4767
4768
4769
4770
4771
4772
4773
4774
4775
4800
4801
4802
4803
4804
4805
4806
4807
4808
4809
4810
4811
4812
4813
4814
4815
4816
4834
4837
4848
4851
4854
4864
4865
4866
4867
4868
4869
4894
4895
4896
4897
4898
4899
4900
4901
4902
4903
4904
4905
4906
4907
4908
4909
4910
4923
4924
4925
4926
4927
4928
4937
4938
4939
4940
4941
4942
4943
4944
4945
4946
4947
4948
4949
4950
4951
4952
4953
4954
4955
4956
4957
4958
4959
4960
4961
4962
4963
4972
4973
4974
4975
4976
4977
4978
4979
4980
4981
4982
4983
4984
4985
4986
4987
4988
4989
4990
4995
4996
4997
4999
5005
5006
5007
5008
5009
5010
5011
5012
5013
5014
5015
5016
5017
5018
5019
5020
5021
5022
5023
5024
5025
5026
5027
5028
5029
5030
5031
5032
5033
5034
5035
5036
5061
5062
5063
5064
5065
5066
5067
5068
5069
5071
5077
5078
5079
5081
5087
5088
5089
5090
5091
5092
5093
5094
5095
5120
5121
5122
5124
5130
5131
5132
5134
5144
5145
5146
5148
5154
5155
5156
5158
5168
5169
5170
5172
5178
5179
5180
5182
5196
5197
5198
5199
5200
5201
5206
5207
5208
5209
5210
5211
5216
5217
5218
5219
5220
5221
5238
5239
5240
5242
5248
5249
5250
5252
5258
5259
5260
5261
5262
5263
5264
5265
5266
5283
5284
5285
5286
5287
5288
5289
5290
5291
5292
5293
5294
5295
5296
5297
5298
5299
5300
5301
5302
5303
5304
5305
5306
5307
5308
5309
5310
5311
5312
5313
5314
5315
5316
5317
5318
5319
5320
5325
5326
5327
5329
5335
5336
5337
5338
5339
5340
5341
5342
5343
5344
5345
5346
5347
5348
5349
5350
5351
5352
5353
5354
5355
5356
5357
5358
5359
5360
5361
5362
5363
5364
5365
5366
5367
5368
5369
5370
5371
5372
5373
5378
5379
5380
5382
5388
5389
5390
5391
5392
5393
5394
5395
5396
5397
5398
5399
5400
5401
5402
5403
5404
5405
5406
5407
5408
5409
5410
5411
5412
5413
5414
5415
5416
5417
5418
5419
5420
5421
5422
5423
5424
5425
5426
5431
5432
5433
5435
5441
5450
5451
5452
5453
5454
5455
5456
5457
5458
5459
5460
5461
5462
5463
5464
5465
5466
5467
5468
5469
5470
5471
5472
5473
5474
5475
5476
5477
5478
5479
5480
5481
5482
5483
5484
5485
5486
5487
5488
5489
5490
5491
5492
5493
5494
5495
5496
5497
5498
5499
5500
5501
5502
5503
5504
5505
5506
5507
5508
5509
5510
5511
5512
5513
5514
5515
5516
5517
5518
5519
5520
5521
5522
5523
5524
5525
5526
5527
5528
5529
5530
5531
5532
5533
5534
5535
5536
5537
5538
5539
5572
5573
5574
5575
5576
5577
5578
5579
5580
5581
5582
5583
5584
5585
5586
5587
5588
5589
5590
5591
5592
5605
5606
5607
5608
5609
5610
5619
5620
5621
5622
5623
5624
5625
5626
5627
5636
5637
5638
5639
5640
5641
5642
5643
5644
5645
5646
5647
5648
5649
5650
5651
5652
5653
5654
5663
5664
5665
5666
5667
5668
5669
5670
5671
5672
5673
5674
5675
5676
5677
5678
5679
5680
5681
5682
5683
5697
5700
5711
5714
5717
5720
5723
5729
5730
5731
5733
5739
5740
5741
5742
5743
5744
5745
5746
5755
5756
5757
5758
5759
5760
5761
5762
5763
5764
5765
5766
5767
5768
5769
5770
5771
5772
5773
5774
5775
5788
5789
5790
5791
5792
5793
5802
5803
5804
5805
5806
5807
5808
5809
5810
5811
5812
5813
5814
5815
5816
5817
5818
5819
5820
5821
5822
5823
5824
5825
5826
5827
5828
5841
5842
5843
5844
5845
5846
5855
5856
5857
5858
5859
5860
5861
5862
5863
5872
5873
5874
5875
5876
5877
5878
5879
5880
5881
5882
5883
5884
5885
5886
5887
5888
5889
5890
5904
5919
5922
5933
5936
5939
5942
5945
5951
5952
5953
5955
5961
5962
5963
5964
5965
5966
5967
5968
5981
5982
5983
5996
5997
5998
5999
6000
6001
6010
6011
6012
6013
6014
6015
6016
6017
6018
6019
6020
6021
6022
6023
6024
6025
6026
6027
6028
6029
6030
6031
6032
6033
6034
6035
6036
6037
6038
6039
6040
6041
6042
6043
6056
6057
6058
6059
6060
6061
6070
6071
6072
6073
6074
6075
6076
6077
6078
6087
6088
6089
6090
6091
6092
6093
6094
6095
6096
6097
6098
6099
6100
6101
6102
6103
6104
6105
6118
6119
6120
6121
6122
6123
6124
6125
6126
6127
6128
6129
6130
6131
6133
6148
6151
6162
6165
6168
6171
6174
6180
6181
6182
6184
6190
6191
6192
6193
6194
6195
6196
6197
6210
6211
6212
6213
6214
6215
6216
6217
6218
6219
6220
6221
6222
6223
6224
6225
6226
6239
6240
6241
6242
6243
6244
6253
6254
6255
6256
6257
6258
6259
6260
6261
6262
6263
6264
6265
6266
6267
6268
6269
6270
6271
6272
6273
6274
6275
6276
6277
6278
6279
6280
6281
6282
6283
6284
6285
6286
6287
6288
6289
6290
6291
6292
6293
6294
6295
6296
6297
6298
6299
6300
6301
6302
6303
6304
6305
6306
6307
6308
6309
6310
6311
6312
6313
6314
6315
6316
6317
6318
6319
6320
6321
6322
6323
6324
6325
6326
6327
6328
6329
6330
6331
6332
6333
6334
6335
6336
6337
6338
6339
6340
6341
6342
6343
6418
6423
6424
6429
6430
6431
6436
6437
6438
6439
6440
6441
6442
6443
6444
6445
6446
6447
6448
6449
6450
6451
6452
6453
6454
6455
6456
6457
6458
6459
6460
6461
6462
6463
6464
6465
6482
6483
6488
6489
6494
6495
6504
6505
6506
6632
6637
6638
6643
6644
6645
6650
6651
6652
6653
6654
6655
6656
6657
6658
6659
6660
6661
6662
6663
6664
6665
6666
6667
6668
6669
6670
6671
6672
6673
6674
6675
6676
6677
6678
6679
6696
6697
6702
6703
6708
6709
6718
6719
6720
6785
6786
6791
6792
6797
6798
6799
6804
6805
6806
6807
6808
6809
6810
6811
6812
6813
6814
6815
6816
6817
6818
6819
6820
6821
6822
6823
6824
6825
6826
6827
6828
6829
6830
6831
6832
6833
6850
6851
6856
6857
6862
6863
6872
6873
6874
6884
6885
6886
6887
6888
6889
6890
6891
6892
6893
6894
6895
6896
6897
6898
6899
6900
6901
6902
6903
6904
6905
6906
6907
6908
6909
6910
6963
6964
6969
6970
6975
6976
6977
6990
6991
6992
6993
6994
6995
6996
6997
6998
6999
7000
7001
7002
7003
7004
7005
7006
7007
7077
7078
7083
7084
7089
7090
7091
7096
7097
7098
7099
7100
7101
7102
7103
7104
7105
7106
7107
7108
7109
7110
7111
7112
7113
7114
7115
7116
7117
7118
7119
7120
7121
7122
7123
7124
7125
7142
7143
7148
7149
7154
7155
7164
7165
7166
7172
7173
7179
7180
7181
7182
7183
7184
7185
7186
7187
7188
7189
7190
7196
7197
7198
7199
7200
7201
7202
7203
7204
7205
7206
7207
7208
7209
7210
7211
7212
7213
7214
7215
7216
7233
7234
7239
7240
7245
7246
7252
7253
7254
7255
7256
7257
7258
7259
7260
7261
7262
7263
7269
7270
7271
7272
7281
7282
7283
7284
7285
7291
7292
7293
7294
7295
7296
7297
7298
7299
7300
7301
7302
7308
7309
7310
7311
7312
7313
7314
7315
7316
7317
7318
7319
7320
7321
7322
7323
7324
7325
7326
7336
7337
7338
7339
7340
7341
7342
7343
7344
7345
7346
7347
7348
7349
7350
7351
7352
7353
7354
7355
7356
7357
7358
7359
7360
7361
7362
7415
7416
7421
7422
7427
7428
7429
7431
7432
7449
7450
7455
7456
7461
7462
7464
7465
7466
7467
7468
7469
7470
7471
7472
7473
7474
7475
7477
7478
7479
7480
7489
7490
7491
7496
7497
7498
7499
7500
7501
7502
7503
7504
7505
7506
7507
7508
7509
7510
7511
7512
7513
7514
7515
7516
7517
7518
7519
7520
7521
7522
7575
7576
7581
7582
7587
7588
7589
7595
7596
7613
7614
7619
7620
7625
7626
7632
7633
7634
7635
7636
7637
7638
7639
7640
7641
7642
7643
7649
7650
7651
7652
7661
7662
7663
7664
7665
7671
7672
7673
7674
7675
7676
7677
7678
7679
7680
7681
7682
7688
7689
7728
7729
7730
7731
7732
7733
7734
7735
7736
7737
7738
7739
7740
7741
7742
7743
7744
7745
7746
7747
7748
7749
7750
7751
7752
7753
7754
7755
7756
7757
7758
7759
7760
7761
7762
7763
7764
7765
7766
7767
7768
7769
7770
7771
7772
7773
7774
7775
7776
7777
7778
7779
7780
7781
7868
7869
7870
7871
7872
7873
7874
7875
7876
7877
7878
7879
7880
7881
7882
7883
7884
7885
7886
7887
7888
7889
7890
7891
7892
7893
7894
7895
7907
7908
7909
7910
7911
7912
7913
7914
7915
7916
7917
7918
7919
7920
7921
7922
7923
7924
7925
7926
7927
7928
7929
7930
7931
7932
7933
7934
7935
7940
7950
7955
7960
7961
7962
7963
7964
7965
7966
7967
7968
7969
7970
7971
7972
7973
7974
7975
7976
7977
7978
7979
7980
7981
7982
7983
7984
7985
7986
7987
7988
7989
7994
8004
8009
8014
8015
8016
8017
8018
8019
8020
8021
8022
8023
8024
8025
8026
8027
8028
8029
8030
8031
8032
8033
8034
8035
8036
8037
8038
8039
8040
8041
8042
8043
8048
8058
8063
8068
8129
8130
8135
8136
8141
8142
8143
8148
8149
8150
8151
8152
8153
8154
8155
8156
8157
8158
8159
8160
8161
8162
8163
8164
8165
8166
8167
8168
8169
8170
8171
8172
8173
8174
8175
8176
8177
8194
8195
8200
8201
8206
8207
8216
8217
8218
8219
8220
8221
8222
8223
8224
8225
8226
8227
8228
8229
8230
8231
8232
8233
8234
8235
8236
8237
8238
8239
8240
8241
8242
8243
8244
8245
8246
8247
8248
8249
8250
8251
8252
8253
8254
8255
8256
8257
8258
8259
8260
8261
8262
8263
8264
8274
8279
8284
8289
8299
8304
8309
8314
8324
8329
8334
8343
8344
8345
8346
8347
8348
8349
8350
8351
8352
8353
8354
8355
8376
8377
8378
8380
8386
8387
8388
8390
8404
8405
8406
8407
8408
8409
8415
8418
8424
8425
8426
8428
8438
8439
8440
8441
8442
8443
8452
8453
8454
8455
8456
8457
8458
8459
8460
8469
8470
8471
8472
8473
8474
8475
8476
8477
8478
8479
8480
8481
8482
8483
8484
8485
8486
8487
8492
8493
8494
8496
8502
8503
8504
8505
8506
8507
8508
8509
8510
8511
8512
8513
8514
8515
8516
8517
8518
8519
8520
8521
8522
8523
8524
8525
8526
8527
8528
8529
8530
8539
8540
8541
8542
8543
8544
8545
8546
8547
8548
8549
8550
8551
8552
8553
8554
8555
8556
8557
8562
8563
8564
8566
8572
8573
8574
8575
8576
8577
8578
8579
8580
8581
8582
8583
8584
8585
8586
8587
8588
8589
8590
8591
8592
8593
8594
8595
8596
8597
8606
8607
8608
8609
8610
8611
8612
8613
8614
8615
8616
8617
8618
8619
8620
8621
8622
8623
8636
8637
8638
8639
8640
8641
8650
8651
8652
8653
8654
8655
8656
8657
8658
8667
8668
8669
8670
8671
8672
8673
8674
8675
8676
8677
8678
8679
8680
8681
8682
8683
8684
8685
8690
8691
8692
8694
8700
8701
8702
8703
8704
8705
8706
8707
8708
8709
8710
8711
8712
8713
8714
8715
8716
8717
8718
8719
8720
8721
8722
8723
8724
8725
8726
8727
8728
8729
8730
8731
8732
8733
8746
8747
8748
8749
8750
8751
8760
8761
8762
8763
8764
8765
8766
8767
8768
8769
8770
8771
8772
8773
8774
8775
8776
8777
8778
8779
8780
8781
8782
8783
8784
8785
8786
8787
8788
8789
8790
8791
8792
8793
8794
8795
8796
8797
8798
8799
8800
8801
8802
8803
8804
8805
8806
8807
8808
8813
8814
8815
8817
8823
8824
8825
8826
8827
8828
8829
8830
8831
8832
8833
8834
8835
8836
8837
8838
8839
8840
8841
8842
8843
8844
8845
8846
8847
8848
8849
8850
8851
8852
8853
8854
8855
8856
8857
8858
8859
8860
8861
8862
8863
8864
8865
8866
8868
8871
8874
8877
8880
8883
8886
8889
8892
8895
8898
8901
8904
8907
8910
8913
8916
8919
8922
8925
8928
8931
8937
8940
8943
8946
8949
8952
8955
8958
8961
8964
8967
8969
8970
8971
8972
8973
8974
8975
8976
8977
8978
8979
8980
8981
8982
8983
8984
8985
8986
8987
8988
8989
8990
8995
8996
8997
8999
9005
9006
9007
9008
9009
9010
9011
9012
9013
9014
9015
9016
9017
9018
9019
9020
9021
9022
9023
9024
9025
9026
9027
9028
9029
9030
9031
9032
9033
9034
9035
9036
9037
9038
9039
9040
9041
9042
9043
9044
9045
9046
9047
9048
9049
9050
9051
9052
9053
9054
9055
9060
9061
9062
9064
9070
9071
9072
9073
9074
9075
9076
9077
9078
9079
9080
9081
9082
9083
9084
9085
9086
9087
9088
9089
9090
9091
9092
9093
9094
9095
9096
9097
9098
9099
9100
9101
9102
9103
9104
9105
9106
9107
9108
9109
9110
9111
9112
9113
9114
9115
9116
9117
9118
9119
9120
9121
9122
9123
9124
9125
9126
9127
9128
9129
9130
9131
9132
9133
9134
9135
9136
9137
9138
9139
9140
9141
9142
9143
9144
9145
9146
9147
9148
9149
9150
9151
9152
9153
9154
9155
9156
9157
9158
9161
9162
9163
9164
9165
9166
9167
9168
9169
9170
9171
9172
9173
9174
9175
9176
9177
9178
9179
9180
9181
9182
9183
9184
9185
9186
9187
9188
9189
9190
9191
9192
9193
9194
9195
9196
9197
9199
9202
9205
9208
9211
9214
9217
9220
9223
